29 6 12
14
3 20 17 7 22 23 26 10 24 11 19 5 28 8
139
13 5
1 9
15 28
17 20
10 17
26 3
16 29
13 28
6 27
7 6
12 21
18 25
13 2
2 5
18 28
19 28
8 11
16 20
15 8
1 7
2 7
15 17
28 7
22 10
9 21
28 13
13 25
1 16
9 26
19 8
14 1
22 25
2 25
4 9
11 7
11 20
17 5
21 17
5 14
2 14
16 25
11 21
28 21
1 15
17 29
25 22
28 26
29 4
28 1
21 11
9 29
17 26
24 29
26 24
27 17
24 15
1 26
13 27
3 21
3 17
2 13
10 4
18 28
6 25
29 25
16 25
16 13
24 13
6 5
2 5
15 11
5 14
23 12
28 18
28 17
23 6
14 10
21 15
24 23
7 16
18 14
29 23
29 26
21 22
20 7
2 25
12 27
24 17
12 18
10 16
9 6
29 18
3 24
16 13
15 10
25 27
4 13
5 24
2 8
2 4
3 19
20 28
25 26
8 19
7 9
29 12
29 4
1 4
12 22
17 8
20 12
3 14
26 28
17 5
6 14
20 27
3 25
23 24
23 21
9 27
13 5
25 29
6 21
21 14
1 12
17 11
7 4
3 12
17 20
29 7
21 7
3 14
21 29
18 11
23 14
22 25
17 19
7 2
27 11
