27 8 6
15
21 13 19 8 20 16 27 11 22 3 6 25 17 26 9
229
8 26
21 25
13 9
5 10
12 14
24 20
26 14
4 17
17 14
8 13
5 3
18 21
15 12
18 16
7 4
9 12
22 26
22 20
7 10
2 4
2 5
4 14
7 18
5 8
2 5
21 9
19 15
13 23
12 1
27 17
10 11
14 8
18 3
22 14
12 11
6 1
1 25
13 11
18 22
21 1
11 1
9 5
12 5
10 16
16 5
6 25
13 4
26 2
4 6
27 1
21 9
19 12
10 12
20 2
7 27
18 1
17 2
2 5
21 7
4 16
2 12
9 22
20 5
19 4
26 21
9 25
18 19
20 17
9 8
21 1
7 10
20 3
21 10
18 5
24 17
9 11
22 3
16 24
14 10
4 18
16 17
21 12
19 22
7 1
2 6
8 2
5 12
17 10
4 17
7 11
13 16
14 20
3 23
15 7
15 12
4 15
7 13
25 19
1 3
7 8
8 15
25 5
13 3
14 4
15 19
12 11
20 11
21 8
9 23
24 12
4 3
4 16
12 4
2 8
22 8
16 4
20 25
13 9
25 16
25 14
18 12
25 6
2 19
10 18
2 27
2 7
25 20
1 10
5 17
5 9
2 19
24 17
17 2
7 10
25 17
4 1
18 25
12 11
6 27
27 17
27 11
19 20
16 18
7 3
10 22
24 16
19 6
2 18
15 4
22 5
1 21
18 4
15 3
20 3
3 10
16 20
1 27
15 17
14 7
6 5
18 11
15 17
10 18
11 16
19 12
25 16
7 17
24 25
7 25
13 18
22 20
9 7
18 8
24 4
25 9
8 17
4 1
14 13
20 26
22 6
19 11
12 14
1 24
21 3
24 11
1 21
14 19
12 26
12 19
19 25
5 6
24 14
27 5
12 1
26 21
18 19
4 25
8 11
17 21
4 6
3 22
20 23
20 18
23 26
22 5
20 11
22 18
15 8
7 3
7 8
12 9
26 5
20 12
11 13
5 9
17 7
18 8
5 11
6 16
3 9
21 13
5 11
4 5
11 2
3 27
25 6
11 18
13 22
8 2
