38 33 3
28
23 36 8 14 16 34 7 4 17 9 37 2 15 11 13 5 21 35 1 29 18 22 24 26 6 38 3 27
142
15 12
2 21
13 4
22 12
9 2
29 28
28 34
2 21
10 23
21 3
18 31
31 24
38 21
24 22
4 36
38 30
5 35
15 20
17 24
38 32
36 30
37 38
29 38
3 17
17 22
11 15
21 18
36 11
14 35
32 12
11 2
9 18
22 30
33 7
4 18
18 32
14 36
27 33
32 13
18 25
23 16
33 25
22 6
20 17
33 6
5 20
25 28
6 18
2 24
10 15
12 16
36 28
2 27
13 8
30 37
14 25
3 4
27 22
7 38
12 11
8 30
16 18
9 17
9 12
10 2
10 28
32 13
37 3
2 16
15 19
24 13
19 14
11 28
18 25
1 5
24 27
7 32
10 22
16 8
4 5
36 5
4 34
8 38
23 8
26 38
16 11
13 29
14 4
2 16
17 20
38 33
9 17
14 25
33 8
18 29
36 28
12 13
9 29
19 33
24 37
37 13
14 7
30 7
25 33
3 31
3 35
28 21
22 6
29 12
15 8
21 13
23 31
27 10
37 32
17 31
24 20
35 10
35 38
12 26
31 10
3 21
16 25
34 17
3 25
35 15
13 9
19 36
29 12
5 21
13 3
8 36
3 11
38 21
22 27
1 3
34 18
21 5
3 15
10 29
27 21
9 21
2 14
