46 16 10
6
11 6 40 37 45 38
639
3 17
4 39
17 15
25 14
1 2
34 27
45 33
22 42
42 40
46 19
35 40
36 39
20 7
3 33
41 29
20 10
9 13
34 21
7 12
5 43
11 17
17 37
9 35
42 7
12 15
28 32
45 31
27 28
32 16
3 16
34 29
38 31
3 18
36 33
31 9
26 24
32 14
11 35
31 36
19 23
40 28
44 5
30 8
35 25
27 29
35 25
38 13
41 13
12 4
12 6
28 18
32 35
19 37
22 34
19 15
42 20
46 40
10 8
15 33
26 18
26 15
25 44
42 23
43 1
32 8
13 23
24 39
28 30
26 23
2 44
11 5
37 2
14 45
29 17
3 31
35 26
3 35
22 25
3 11
24 23
43 35
17 28
7 33
18 4
2 23
31 28
42 5
27 7
36 24
8 14
16 33
34 8
13 3
15 3
38 33
7 30
31 7
1 36
44 33
38 24
19 11
14 1
39 37
19 40
2 31
26 19
28 11
5 30
11 7
34 37
44 22
42 18
42 29
27 35
26 32
33 6
19 7
17 33
17 14
41 6
37 9
33 29
35 18
11 38
41 45
31 5
7 21
38 16
6 27
2 23
41 11
21 34
23 45
14 26
22 3
14 41
11 1
37 33
36 31
39 25
34 46
43 8
35 33
9 38
16 44
7 42
27 38
6 40
25 37
40 32
12 41
44 46
10 26
40 20
25 29
7 25
6 41
22 3
31 9
33 15
39 26
40 28
45 40
46 31
8 40
28 6
6 42
12 18
2 24
11 21
22 42
13 10
7 28
33 19
16 28
11 17
37 2
12 30
44 25
35 27
13 7
10 42
18 15
37 1
22 33
32 21
38 20
14 24
46 26
33 25
46 36
44 26
41 16
19 8
16 2
9 10
9 1
38 12
23 5
16 21
15 39
39 21
41 34
16 21
1 37
21 7
15 30
9 10
38 5
34 23
1 4
16 45
32 2
1 25
28 33
22 2
39 32
24 2
32 44
6 44
37 33
36 41
7 28
45 4
22 36
23 2
18 5
19 45
17 39
14 27
1 42
46 6
22 38
25 12
2 45
14 11
9 10
12 13
25 39
18 13
9 32
20 6
34 31
21 34
2 40
7 13
37 2
18 33
36 35
8 6
11 38
43 8
43 22
41 4
46 15
34 25
2 23
30 8
31 44
38 23
33 38
37 25
34 46
44 40
2 14
38 27
29 13
19 28
31 14
30 7
11 29
7 5
10 21
5 4
32 27
5 14
21 16
44 14
18 21
41 23
31 39
23 41
35 29
18 13
38 27
20 24
33 27
24 40
1 5
29 19
4 42
5 2
43 30
26 4
40 36
35 31
18 36
30 22
25 17
8 23
10 41
16 19
29 39
33 12
12 16
38 17
15 32
36 16
5 8
26 17
30 5
42 20
38 20
41 13
19 7
35 32
38 13
38 13
35 42
25 19
1 26
29 2
11 9
3 12
15 23
35 24
1 19
34 20
19 20
40 44
13 23
41 13
26 28
34 5
28 12
9 7
12 7
15 8
38 7
16 38
30 26
44 27
28 32
22 12
16 44
27 10
41 21
10 42
6 17
45 30
30 32
40 20
45 25
29 8
20 36
9 39
43 30
38 40
7 3
1 5
2 4
12 33
27 39
35 22
27 33
39 43
21 9
7 2
37 12
4 42
43 31
19 32
41 20
35 33
27 13
14 16
42 6
10 4
29 10
37 38
19 16
26 30
17 29
2 30
31 43
41 31
36 35
9 1
34 5
30 40
34 18
9 6
4 38
26 31
7 20
26 41
16 31
16 44
11 5
2 39
37 6
2 19
16 13
37 45
45 27
45 18
20 2
38 25
44 17
21 4
2 33
31 36
17 31
28 20
12 43
13 32
19 10
16 40
8 34
1 30
44 23
21 43
1 10
40 29
7 21
30 4
36 12
26 32
17 35
6 35
43 21
7 38
21 22
28 16
45 25
8 30
33 19
4 36
44 29
11 14
10 14
21 12
39 34
30 1
23 9
1 21
29 22
38 35
16 42
7 23
40 35
19 32
32 45
28 16
31 12
39 33
6 43
31 27
16 24
12 22
3 1
21 44
18 11
11 19
11 13
1 13
5 21
3 32
45 18
4 3
35 11
39 34
11 3
30 28
39 34
31 29
36 1
27 31
36 35
22 43
43 25
39 35
22 28
20 42
7 12
35 29
24 26
15 21
26 6
22 40
39 15
42 40
11 6
6 39
8 22
33 25
11 6
42 12
25 8
28 26
24 32
28 30
24 20
35 24
22 28
13 46
42 14
35 32
27 38
32 39
26 4
26 41
41 2
17 27
41 7
2 11
34 9
10 37
15 14
30 11
14 44
28 9
28 10
11 3
23 36
37 6
5 34
26 13
12 35
24 2
35 22
15 42
15 35
24 21
9 30
24 38
2 44
15 35
23 6
24 41
15 33
41 5
25 39
29 41
5 30
29 37
8 10
29 46
38 22
23 45
8 21
19 13
12 45
25 5
16 36
28 5
36 8
28 27
13 14
36 13
42 5
18 4
29 6
36 25
36 21
7 40
18 39
1 6
16 6
46 6
24 26
13 17
4 45
16 33
24 43
23 20
11 44
38 18
29 32
31 11
18 11
26 12
23 10
30 33
29 9
17 44
23 17
32 5
13 25
4 8
5 37
39 33
18 45
8 26
1 2
40 41
12 21
28 4
43 3
26 31
8 14
17 26
6 24
8 37
10 7
4 15
24 34
30 40
11 4
23 21
44 12
44 5
32 18
27 33
41 29
10 36
7 22
42 21
3 41
7 17
33 34
40 30
24 39
20 5
14 35
18 44
13 27
10 24
34 21
9 29
29 23
46 23
41 3
14 27
38 2
30 9
33 21
42 40
9 33
