28 10 8
24
25 19 12 23 17 24 9 11 2 14 3 13 6 15 18 27 10 1 20 21 26 16 28 7
348
5 28
13 12
7 16
21 28
5 19
5 16
18 27
7 13
11 25
15 6
26 19
21 18
11 22
2 20
14 2
20 28
12 16
28 14
14 6
11 8
7 16
6 3
15 5
20 9
3 11
23 2
28 12
28 23
16 4
21 7
21 13
28 25
5 28
18 1
14 28
24 5
13 16
17 27
4 7
17 23
19 5
2 26
25 12
11 14
15 1
19 9
14 7
25 9
8 27
24 10
12 18
10 3
19 3
9 15
24 27
28 6
1 14
3 18
14 10
12 10
17 14
14 18
16 5
5 25
10 26
13 20
11 4
5 15
9 25
17 19
28 11
9 17
21 12
13 10
16 17
28 5
16 4
10 23
8 27
21 28
16 6
17 3
2 15
4 15
2 9
12 13
16 12
13 6
18 14
17 3
15 6
3 17
14 19
4 10
7 18
20 5
27 4
12 9
9 19
16 20
19 22
26 25
28 1
5 19
22 15
24 11
3 12
27 28
28 24
22 6
21 28
4 18
24 16
18 19
5 28
25 19
4 5
12 14
25 13
19 7
9 28
14 5
16 3
28 1
21 15
7 11
21 7
26 19
24 15
7 17
2 24
3 20
5 26
19 26
4 25
13 5
24 17
28 14
10 12
24 23
28 8
22 8
4 3
14 7
9 13
6 4
20 28
15 7
13 24
25 5
12 13
17 12
19 2
17 6
13 19
10 27
9 14
2 3
26 14
3 19
16 18
7 24
11 15
28 13
5 8
20 3
4 16
12 17
5 22
26 8
22 2
10 19
11 17
5 22
25 20
10 14
24 9
9 11
9 23
23 15
17 12
17 18
10 18
28 22
3 13
27 16
28 4
6 24
26 3
20 15
13 10
6 14
27 22
28 14
17 28
14 13
9 19
11 10
14 10
9 8
5 10
27 9
8 17
25 20
24 22
19 9
8 27
21 22
7 14
26 14
28 20
10 9
4 23
26 20
9 20
13 17
28 7
23 17
22 5
21 16
7 20
10 28
26 20
3 7
21 3
8 2
8 25
15 8
10 5
18 6
15 22
5 7
3 20
25 1
26 16
13 27
10 21
8 2
25 10
11 2
17 11
4 20
20 21
24 3
12 2
26 11
25 12
20 24
1 7
3 7
11 5
22 19
15 9
28 2
26 18
8 23
8 23
28 25
17 5
13 2
26 27
6 25
4 7
1 2
3 11
22 1
22 20
4 18
26 1
28 19
5 9
14 5
1 8
27 2
25 11
10 12
23 17
27 12
25 7
1 25
15 8
28 7
26 7
28 21
7 17
14 15
12 8
4 24
14 7
10 27
17 19
1 5
28 18
13 19
15 24
2 27
24 14
9 18
2 24
9 27
3 20
13 9
2 23
1 16
7 11
8 1
4 10
13 15
12 16
20 6
15 20
4 16
17 1
9 13
15 22
1 4
21 16
16 23
23 19
13 15
16 19
5 24
17 6
23 21
4 28
3 2
4 2
28 17
13 16
22 2
15 12
4 10
18 15
5 27
13 26
25 24
2 4
1 21
6 18
10 4
1 6
1 4
10 25
16 27
21 23
15 23
13 25
17 21
