20 11 17
18
19 17 5 4 15 18 14 7 8 9 2 3 1 10 20 16 11 13
111
8 9
6 17
4 16
11 13
15 16
14 9
3 16
19 7
15 18
20 16
4 6
12 10
10 17
10 3
13 17
12 1
16 2
16 7
20 4
7 2
9 17
5 16
1 5
4 3
14 17
8 7
7 20
12 7
3 12
5 17
8 4
17 10
1 4
4 20
3 8
19 4
6 10
15 20
1 5
19 2
10 12
7 11
5 14
19 4
16 17
4 14
2 12
11 1
17 8
18 20
12 15
3 2
12 20
4 12
1 6
5 16
18 14
13 7
2 10
4 6
14 11
4 7
12 6
12 11
9 11
13 5
4 11
20 5
2 1
18 6
10 6
2 14
9 6
19 20
8 19
5 8
3 11
9 20
9 18
12 4
13 5
7 19
14 20
3 13
16 19
1 15
19 10
7 2
9 7
17 6
15 18
11 6
1 16
3 12
19 11
11 7
18 9
11 13
11 3
16 9
5 16
9 7
7 17
5 7
18 3
17 2
17 6
20 8
14 19
16 18
11 15
