4869
296
4113
118
721
4834
1736
1128
1441
357
3224
436
4425
4592
4413
868
4012
3694
4836
2439
4768
3142
4246
3260
1016
656
1710
504
361
3663
4473
4387
3936
2662
1399
267
3747
3148
4127
1526
3519
2201
3718
4063
2521
2381
656
3205
4899
1392
4041
3083
2694
2960
733
3970
4332
1029
4906
330
4591
2162
3806
731
4986
807
2886
1585
1326
456
870
2316
2408
576
1587
1575
2772
1068
1220
2058
3924
2266
3212
4351
128
3325
2571
4838
3046
45
224
2302
1557
2986
4807
44
500
2258
3827
2374
3093
565
1081
2228
3504
2130
3280
1349
1187
413
2387
3943
1954
4936
715
1835
2709
3555
4855
2196
1284
744
3212
2795
4944
2299
3791
627
1710
3558
4839
3214
4389
2382
1471
4893
1448
3428
484
827
463
2842
4646
2829
1033
4905
1090
1386
4943
326
2900
3712
4486
810
2698
2164
4830
2124
2522
1328
3253
4668
473
4058
3325
4719
1447
2456
1753
904
4166
1319
2609
3085
1475
3834
1343
4004
3230
1774
2539
1755
4765
349
2312
3072
2112
123
57
502
4933
2138
195
469
3134
2017
302
2531
4948
4250
896
3839
158
4875
4047
1842
4640
3585
2700
4531
4353
4157
2210
108
2412
1717
4948
1554
779
405
414
309
2178
4042
3492
4595
3094
1997
4739
2569
3158
2079
458
738
3896
3351
2250
2576
271
353
1164
3289
4198
4109
1300
3
4439
4642
3716
4343
4269
2452
2212
1384
34
3938
1080
1828
4412
1784
4469
4992
2629
4852
3247
1770
4679
2301
176
4885
2951
2058
4170
3998
4828
660
4200
1010
882
12
1322
4054
4322
607
1951
3193
2382
4985
2132
3214
4743
4910
3732
3117
3054
1814
1930
187
4024
3540
50
270
3752
3691
263
2484
4038
3204
946
2670
90
3200
1659
3595
1422
1461
1748
3149
4720
618
1802
132
2801
1263
1171
590
62
4179
3821
4245
808
2197
3590
3250
4605
4983
2809
3645
2678
2395
1316
1375
2184
2553
845
1930
3721
4874
2
4619
608
2148
3138
9
4592
2533
4916
3969
4793
3104
4541
4499
3269
191
667
3885
4868
1700
2493
1599
818
88
556
4184
2697
734
4077
377
3731
4918
3600
3040
500
4674
4641
2760
4822
1233
717
2466
1809
4334
1390
472
3017
2812
2855
2676
4125
4922
3426
94
3065
4863
3061
2586
3487
2379
1329
3528
4687
4041
2559
1981
2141
3547
4073
776
2603
2503
2546
2223
1068
2760
3693
545
4779
1697
528
1388
1518
4867
2625
1925
2152
4362
2202
2048
4394
3718
3716
1509
3665
2466
4843
1419
4356
2629
3024
2480
3766
4629
3715
385
1353
3360
4258
1433
4472
3798
4958
1111
2373
4360
3830
3759
3014
390
317
1991
101
4994
4439
4035
3125
27
4296
4649
3613
286
2308
4718
3752
2953
2788
3962
2110
1596
1289
4111
4541
4908
2459
3498
3540
3515
2981
3693
2198
1281
3225
3754
3930
1611
3401
1189
1110
749
4814
1952
3297
2754
3400
2177
1058
1702
2842
904
359
2530
1575
4255
244
4941
4419
2466
1619
3154
4103
2601
4858
1555
3299
1476
1339
3095
735
3764
4636
1345
3689
1070
4147
1291
2313
872
59
2531
4490
3279
3817
1086
458
1768
1829
1008
3919
4763
4729
573
4633
3382
501
407
3855
2257
1643
3505
834
1554
3066
4203
4487
1077
2784
1504
3249
341
2836
4756
429
1336
3987
2460
3039
179
3210
4140
3144
1965
448
3725
456
4550
2290
3679
3493
3994
1067
3639
1354
4517
4711
2814
3782
4154
3653
4508
3153
4603
2900
385
4072
4840
2066
695
1684
1748
244
3340
1682
4061
680
3803
4196
67
657
3022
675
2546
3118
190
1176
496
3943
3858
2593
2128
2471
46
2839
3177
2147
3979
1228
1762
4488
1921
2494
684
997
52
1653
45
267
1415
1999
2045
2568
2670
3458
4443
3582
2585
4106
4261
4252
3863
1488
3525
3783
1781
657
4582
372
2801
1670
1018
2930
814
4819
485
4909
2410
4298
3588
2226
1111
832
2112
3312
33
2230
463
3186
631
1471
1543
4556
1293
2148
1736
2712
4125
3789
2184
4744
2472
656
3764
724
4360
2417
2
1001
4826
1357
24
4457
3792
1679
387
2032
64
255
4437
4119
2225
1600
172
607
4000
1881
1211
1552
2674
2602
4463
3890
2524
3309
3645
3387
1739
402
3430
1979
2049
1427
525
4749
3180
3802
3678
4891
242
2428
2032
654
4636
4195
458
2362
4380
3594
4480
3971
3851
4168
3453
4343
317
590
1849
3124
3768
3498
1015
3801
2821
3592
1931
4750
712
1457
3976
4656
899
4857
3758
2219
4945
1312
497
1242
1689
2374
4491
3722
484
2675
2385
4271
1255
774
4845
197
2835
133
4293
4396
4963
2805
1368
958
4490
2664
730
420
3473
3665
661
3256
2137
2013
1697
221
1902
3676
2103
186
3745
3061
383
3101
3475
275
4377
2381
2052
2461
102
704
2386
130
3607
2178
1222
4341
4628
965
2446
1429
4316
4569
1299
3345
4984
2533
1591
804
551
2480
540
2157
2317
2186
4752
3526
4994
2011
3687
1261
4393
4217
4165
466
1128
3737
4244
4162
2117
492
4027
594
3952
1173
3424
1212
3642
1001
4162
3854
4151
254
1452
788
4036
2619
1348
4275
1545
4545
4397
4557
155
3671
2097
4966
2098
2748
4251
2105
3267
1897
1287
1760
3548
1881
4504
2025
1282
4316
4588
1201
3308
4339
2839
667
3501
2874
626
1292
3168
1386
4557
4953
419
1010
2570
11
1859
2298
2680
1825
2567
4611
1158
865
1467
251
2686
2649
1467
3422
4773
1885
4259
1480
949
1115
3666
3711
3536
1955
3664
1749
4158
4960
4875
1000
4856
2174
2399
2164
1652
3191
3181
332
4618
493
4110
1885
4371
3931
4135
3765
1255
1489
660
17
1774
4792
239
2389
2516
1224
2567
2927
2644
