4101
4479
2239
2440
3271
362
4945
4916
4018
4000
1866
4189
694
3911
2457
4341
600
3255
1184
2204
1570
836
4669
1088
2410
1052
1431
230
1143
4728
3108
3384
3005
231
687
4178
570
3872
1567
1325
1659
1420
3783
3600
3910
1133
1356
1120
2623
2474
1631
3857
1653
2981
262
3085
3893
4105
3129
3290
2049
1425
4273
2569
3165
1723
1147
3887
2820
3145
2443
2151
2515
2241
2090
1396
1009
2605
2256
3833
2907
3485
942
2953
549
1195
3701
2476
3686
1677
3940
2584
3444
4503
1183
603
1196
2259
1537
3445
4150
4520
1660
2256
3236
2654
2731
4294
3189
1145
388
3456
4235
1585
1284
419
1062
3868
1192
3858
4271
3870
2446
4118
169
1873
1824
3006
839
2930
4139
4715
4588
3578
1947
51
2435
571
4372
1422
670
3968
3662
367
2015
323
2029
2218
3859
2323
1359
1216
4312
289
3466
844
4501
4072
2552
3061
4645
927
3249
2240
3301
870
4980
866
3300
1321
420
230
2094
244
2209
299
517
2521
1353
3691
676
3960
2291
4363
3927
730
1027
4923
687
1112
3191
1882
3883
2053
3860
2073
2220
937
1192
1455
566
1053
281
2226
2449
1946
1778
1538
4342
3541
4424
1794
3320
186
2022
3859
4359
3547
2466
1212
2466
4647
4610
2140
3762
757
2650
73
258
3423
717
3902
498
3830
561
118
279
2858
1105
3974
3475
4257
2453
4407
4076
290
4607
3814
1912
1915
4765
3182
2350
3882
307
4139
4651
4797
55
1349
547
2574
4209
3644
4401
3067
3070
4570
3172
4050
4220
4493
3988
3494
2767
3445
2607
1957
3574
2558
3026
3206
153
2200
626
4131
345
4324
785
540
2226
2177
593
4977
518
1406
930
2712
919
1121
4879
1589
493
4924
3658
4155
3525
734
2361
339
1294
2469
3411
3246
3659
3351
1164
3872
4956
3414
2709
3307
726
3637
2821
2394
2114
3180
2159
567
109
3452
2098
3298
1865
239
2844
211
4182
2599
4609
945
3754
3496
2137
4068
130
459
16
553
2334
456
2719
4189
4225
3124
2554
2067
2638
824
2553
725
4575
990
1674
4271
3887
693
3748
135
1900
4848
4095
363
3043
3309
1156
2284
4685
2289
474
878
853
3648
665
2993
782
2132
3880
819
3628
4255
692
101
1796
4925
1798
2198
1622
271
330
1314
4197
1970
2292
90
2936
976
3371
2485
1938
3770
4179
4266
3199
1844
474
1261
1652
3784
4810
2863
4424
312
965
1597
1984
1725
3075
2631
2235
455
3905
2529
1079
2957
114
808
862
274
1498
1270
3002
4137
1376
1858
523
3949
4846
3184
3360
833
1562
2614
764
1945
2899
2423
3942
3757
4915
3141
3151
3204
109
1999
2345
3188
2581
110
884
1234
2347
2191
2563
646
979
608
4230
1533
4376
4753
2436
4871
2316
2734
3058
1820
3351
1374
1044
1434
3550
2546
1120
3437
4163
2426
2535
3147
4175
631
3469
3813
4237
3961
2525
1483
1735
2492
3998
2124
1763
3201
3363
1274
2769
1541
1328
1320
1060
1244
1777
1151
3689
1295
3745
2520
1455
1734
420
2845
1947
1158
1808
1828
361
3137
390
251
2476
436
2280
977
1556
2223
2711
3055
2968
3645
3774
914
4977
3464
2084
3900
404
1675
3191
465
179
2351
1590
742
1197
3624
3586
1371
3598
2246
3305
4289
4098
4229
371
2669
292
3473
122
4714
1253
3209
4306
2031
3861
2222
4087
3378
3785
4686
688
318
4686
2863
475
2328
3672
4837
1662
736
947
3701
4678
2022
2650
4547
3921
1072
3251
3614
3746
618
4375
4377
2583
4083
1320
4661
17
355
2112
621
4899
512
3445
2941
4731
247
2440
4191
2052
628
3073
1466
1391
1856
2615
2416
2307
2195
4064
1033
3435
4547
1648
2226
4177
3990
3414
373
1752
1799
3393
429
4260
3495
390
240
3572
1733
2406
1428
3464
4638
943
1959
767
3879
2176
2716
2841
4557
1134
2198
352
4574
4177
3588
4176
497
4077
2623
963
130
3256
3618
17
4911
2732
3043
100
3562
2828
884
2679
1089
552
1517
3202
900
2363
3617
4943
2982
1305
1038
4851
3377
1317
188
2813
3516
1730
33
783
1211
3272
2873
2552
3176
1452
386
2444
2691
284
4875
2656
1517
4461
4593
1268
2904
2035
3168
3773
1267
1094
3386
4504
3314
2190
2771
953
1271
1918
755
4139
2858
2949
143
185
1492
2401
2814
48
2128
564
2548
1217
2813
4780
3061
3770
709
4042
704
3444
4207
3209
580
3439
504
1694
3558
4089
2721
2271
2607
3706
1034
409
4584
1859
3237
1693
2617
3510
4418
3992
775
2869
521
4770
2197
772
179
1390
189
467
99
3679
4999
2054
2654
4932
3672
644
1001
2440
356
4973
3021
4763
90
4278
3034
2355
1586
1428
3394
839
3483
1716
1735
3900
4236
1444
4476
610
2840
3953
1719
3584
3103
192
3519
2943
4295
3519
4634
1596
3320
4591
10
4365
1671
3197
2745
1528
3462
4873
4011
447
1522
3611
4579
2277
4472
3047
2883
2563
2759
467
4701
4812
1254
676
89
3537
1507
4610
2221
1243
4783
1537
4453
3238
4723
3530
2624
2646
3370
857
2382
3950
764
2462
2873
1158
3324
2611
4222
3792
4093
676
4206
1918
3175
2660
3899
4980
2299
2678
3875
2756
2179
1220
3396
2004
995
2248
4400
99
4188
2003
2046
1595
1231
2978
1360
3522
1299
2543
695
462
4569
4691
1977
933
3714
1736
184
2484
4296
496
4702
4964
4169
3493
2132
294
2121
3580
626
4662
3123
3626
584
3833
4289
501
4583
2845
871
2339
2979
3625
2152
4295
3755
681
800
4965
3863
1544
2233
1259
4152
2618
2234
3451
1615
2266
773
2273
3200
3852
4568
4844
3251
3042
4544
4026
4113
3354
4300
4926
818
2059
2575
2232
2399
145
4928
194
428
802
4940
1630
2322
985
1973
2000
3864
2487
4338
2636
3996
3739
1610
593
4895
2882
3157
1942
3397
2056
3564
3204
1758
845
4332
1310
1062
2473
4770
3829
732
168
3677
3487
3223
3434
3365
3960
2766
1711
2325
985
3003
2959
2026
3646
2405
3894
689
3418
1708
2232
201
4583
4961
1104
2938
4681
395
758
2145
3532
2000
508
318
2979
3812
4341
4786
969
3553
314
1076
1749
2814
1797
3746
3526
4382
4816
2381
307
4648
4393
1559
4928
2563
940
491
3534
2709
4653
2717
4819
2309
4296
4474
4535
1275
3608
1358
2111
92
3452
3879
3475
794
1057
3408
2246
4089
3012
4920
3082
638
1877
2467
2946
1141
4690
1160
4636
1877
4954
3556
1512
4681
3354
3022
1859
4301
3454
4804
402
1431
3942
3352
2022
4626
2242
1008
2699
357
1349
982
4061
644
341
110
1368
105
1477
2017
4329
50
4143
3168
102
2267
384
1523
4405
2622
2704
2030
3340
671
4892
963
4182
139
3028
1827
4092
4917
4086
1847
2615
1389
1134
2320
4002
62
1276
4776
3280
3924
2943
436
4885
2817
2447
1549
3140
2241
597
2397
2428
433
536
4899
4102
2782
