Jamal 77261 133536 202025
Nadine 72472 122640 208786
Vance 74614 122907 198825
Shad 72467 127607 217506
Paul 79513 135707 194897
Lyle 72265 122130 191725
Stephen 79377 130456 209896
Benjamin 62816 139920 191728
Paul 65393 129809 188888
Mona 75037 133851 188172
Rashad 74320 121099 205251
Thane 76073 134913 182169
Clio 66988 126774 209863
Kermit 60082 128677 198205
Gareth 65945 133625 191706
Lance 75956 126494 218753
Dorian 67009 128701 204336
Jocelyn 69166 132302 196753
Graham 76864 125035 215506
Raja 66841 133749 181153
