Samson 79573 135793 214742
Maryam 65782 139474 188659
Hiram 77296 121310 180764
Wesley 67586 128160 212119
Hiram 69319 133309 188809
Oliver 76052 130986 188793
Rosalyn 73473 133382 217978
Alfonso 61392 124648 181849
Colin 63802 126696 193747
Cameran 63571 136327 187499
Shaine 76889 132878 186442
Keegan 67772 126695 197024
Dora 61011 127016 182667
Eve 64455 126183 191737
Quin 69646 130089 199370
Rhea 60668 128196 197744
Griffith 60844 132764 199622
Ahmed 60376 126072 199799
Jarrod 64438 135250 181977
Orla 78268 121217 218043
Arden 73095 138519 216688
Levi 63124 133356 219271
Maggy 72439 132088 192731
Stephen 78668 134495 200221
Phyllis 75007 136247 180777
Elliott 72064 130651 204581
Castor 72610 139410 199304
Cruz 66946 122613 180850
Lacy 78832 138688 188673
George 77892 130754 210950
Whitney 62922 126076 196318
Destiny 79086 122698 180143
Autumn 62375 128701 184633
Georgia 60005 132364 199562
Maxwell 64034 120458 186236
Blaze 64302 124198 184663
Kirk 73713 130329 190828
Steven 73994 133426 185549
Tanek 64144 121116 213632
Gavin 64524 129195 182657
Libby 66080 133801 200885
April 77602 125995 181976
Yeo 63955 120055 216089
Selma 78279 124055 181795
Chastity 74922 134080 197974
Riley 63140 124156 199315
Ignatius 61202 136178 188469
Darius 71304 136630 204660
Rogan 74624 134597 185226
Desiree 78354 130903 219443
Alisa 60501 126646 213033
Aladdin 64848 125117 182868
Petra 61375 127330 204116
Zelda 79622 139526 188871
Charlotte 67874 125337 186581
Deborah 67002 128170 193613
Belle 70142 131721 211165
Elizabeth 78244 136177 191635
Kasper 67655 133157 219251
Rhona 65145 130816 187922
Cain 66251 125625 184908
Tanek 65329 121514 196334
Nash 72779 131315 182632
Raymond 60524 137408 183870
Rhona 73870 128471 214874
Jada 62583 139764 188245
Noah 76206 132100 217307
Hakeem 61470 127924 205528
April 64548 136669 211235
Keegan 62628 126770 211419
Orla 66686 132834 203691
Kuame 77445 135106 192381
Craig 65983 123795 190574
Bruce 68738 124347 184976
Dahlia 64339 134147 203788
Veronica 63183 137751 189597
Ginger 61460 138512 180015
Abel 76006 122026 182172
Vielka 62671 131803 195428
Berk 67934 120643 200774
Candace 66394 120286 198886
Charde 61826 130146 191661
Hannah 76965 135905 198598
Carolyn 68638 128734 204311
Wing 64424 139451 197943
Neve 75575 126400 192958
Chadwick 76094 124337 210281
Dolan 65731 133272 182946
Willow 68681 122688 217891
Lucy 64513 133112 193598
