Caryn 67310 135468 183257
Rashad 60122 135014 206278
Rafael 71750 125994 184586
Emmanuel 76640 132431 196886
Kasimir 62952 122700 215027
Maya 78848 129879 198762
Carson 68529 128295 201086
Owen 77572 133939 193809
Madaline 63258 130473 181509
Diana 76912 130264 212138
Jorden 66541 130645 196372
Imelda 70466 136867 192207
Destiny 77655 124839 199898
Judah 65412 121672 184084
Jonah 72796 128763 216862
Kessie 75079 134879 204117
Emery 75438 120596 212031
Aileen 63237 133013 216981
Kyra 60885 129727 189989
Shaeleigh 70781 132051 183566
Blossom 77411 122563 185172
Ignatius 65156 123444 202873
Herrod 66621 122302 202079
Serina 64163 138443 184122
Signe 73000 120564 190194
Margaret 63496 139558 190405
Rana 69663 132114 181266
Edward 73407 139836 181721
Nero 60183 126917 202605
Octavius 65077 130138 213181
Beatrice 65355 133659 192171
Rigel 79407 120051 188969
Chandler 77553 132541 187331
Joshua 64433 130207 215128
Cole 75932 134983 194832
Hilel 67115 128126 193988
Irene 79535 138977 205725
Wang 69542 138564 194286
Michael 61613 136871 211035
Shana 65781 137410 184264
Hashim 65418 124798 216908
Duncan 75818 121021 182702
Linda 71252 126641 215346
Bernard 73852 126354 211175
Gareth 74882 122752 217740
Melanie 62503 139090 200370
Cairo 63939 139541 194708
Wang 71757 126573 216888
Clementine 63038 126142 186165
Upton 78209 122804 188991
Jessica 73822 126322 201689
Willa 65660 133749 215223
Savannah 74775 124623 202331
Isaac 79847 122045 218163
Orla 74652 132703 194256
Gareth 76627 130831 180203
Craig 78254 134137 181010
Gwendolyn 70563 139138 196859
Macey 79495 136990 201891
Odysseus 67218 135718 183804
Mariam 72944 132112 194663
Abraham 61710 131133 200344
Madison 79848 135224 196359
Shaine 74791 139776 206009
Abel 73235 131956 193693
Victor 66109 137588 192359
Alexis 64018 138722 192896
Bianca 69112 127878 219482
Alyssa 63026 124521 195163
Desiree 69933 133070 207944
Cedric 73975 124601 211283
Halee 79899 128175 216790
Alfonso 62702 120429 189800
Dillon 78955 131516 215941
Sawyer 63232 122168 191940
Melissa 71725 129773 200176
Ursula 68022 138030 189572
Felicia 62277 123099 216032
Basil 69595 131859 218370
Xenos 76203 134490 198809
Ciaran 74766 120237 183975
Emma 77555 135645 205618
Dominic 68799 137842 218789
Jameson 70244 131223 216114
Yetta 70158 124330 204495
Xandra 62458 124490 207741
Odette 67540 130340 187530
Phillip 75490 127056 187163
Ingrid 74367 137548 205368
Octavia 73300 130883 188754
Ishmael 70940 132985 213657
Naida 77396 136156 180386
Jael 66766 129833 181372
Rhoda 71975 138806 183956
Maris 77447 127223 199458
Dawn 63531 125784 187194
Devin 61070 125458 202983
Chastity 64625 124922 181153
Stone 79689 132864 219984
Avram 78589 138644 219205
