Caesar 67984 129456 196830
Karleigh 67759 129663 181049
Kermit 60790 131650 204358
Rebecca 72471 133727 212199
Bree 69734 126945 192435
Brittany 72746 129937 209563
Victoria 74715 127141 199855
Abdul 67994 137166 191932
Hall 71530 133477 213374
Keefe 67457 132489 209946
Martina 74093 132481 212588
Ursula 74913 132943 210302
Germane 70398 134570 193046
Aphrodite 70658 120497 219815
Hoyt 75889 120140 181845
Ignatius 76927 133332 209180
James 69431 134618 201083
Faith 71947 121620 185153
Salvador 79214 121858 194211
Rylee 79240 126130 193033
Caryn 73123 125122 218578
Alea 67745 132726 208939
Demetria 77799 132450 208463
Dara 71345 137762 182129
Mohammad 70635 139395 196739
Gareth 68127 124632 187296
Rachel 65517 120907 184023
Walker 72031 137594 204187
Hoyt 69164 120001 216215
Imogene 73886 121319 196469
Denise 76646 130492 211613
Ila 63306 125771 180994
Plato 64695 124847 214604
Alexander 78969 135263 199690
Cooper 77269 138448 206834
Dara 73373 129122 206846
Lucian 60006 133922 206041
Leigh 65107 138041 208441
Danielle 67755 131847 217841
Tad 63368 136831 204402
Alexander 79016 134914 218865
Dara 62239 120353 199630
Tyler 66141 123449 209021
Ina 78561 136900 216330
Karly 78734 129596 196158
Buckminster 70154 135404 207411
Wylie 79234 135010 187409
Odette 66799 133874 213684
Erasmus 78311 128944 184957
Malik 69033 127982 219961
Castor 69690 128866 196039
Oleg 79255 135910 209217
Laith 61828 132504 187587
Odysseus 75131 139665 198658
Anastasia 61230 139636 190749
Odysseus 72391 124776 194852
Erasmus 79203 128914 187276
Quintessa 77650 122916 213756
Devin 66932 131052 188337
Raymond 75023 120733 187345
Tiger 73621 138911 204190
Michael 76803 135814 214819
Odette 66102 131971 185517
Asher 67581 131758 196846
Kylee 74134 125123 207451
Jonah 67044 128727 194296
Clarke 72724 120878 196382
Thaddeus 60014 130613 206634
Alana 73491 135518 219698
Amy 60080 135438 187859
Vladimir 63426 129274 184517
Rajah 64029 137700 218850
Cyrus 61244 138719 182236
Serina 64936 133998 203884
Galvin 76801 125611 185793
Joel 62728 122612 212953
Yuli 77443 132102 207271
Melanie 69923 132769 193069
Kibo 75544 120613 193205
Iris 79229 121789 188079
Elmo 63482 126780 180415
Rhonda 72086 137226 198889
Sarah 61264 128143 206608
Rhea 73733 126519 217303
Carla 78866 130161 201470
Dawn 77417 132304 208539
Quamar 68949 124551 194140
Chastity 66255 122096 185810
Colette 68562 134606 215222
Camille 77657 120173 217609
Nicole 60997 132511 180957
Prescott 70766 120001 217678
Lani 61179 120966 199554
Raven 74019 122763 186056
Daquan 71444 133276 188260
Patrick 72701 127850 198287
Vielka 79248 129963 180764
Honorato 75504 126902 211755
Joelle 64004 132411 194958
