19 14 6
18
18 4 2 10 7 11 15 16 3 5 1 6 14 9 12 8 13 19
101
18 3
17 13
6 12
16 19
16 8
9 4
1 15
14 18
15 4
11 6
13 11
9 15
1 13
16 6
5 7
14 13
17 18
6 14
9 12
18 12
13 9
12 8
1 2
18 6
7 12
10 7
5 19
2 13
4 5
7 10
13 11
14 11
6 9
19 12
2 14
11 18
7 15
17 15
7 1
14 18
10 16
8 3
13 10
15 4
7 9
6 16
19 15
3 2
16 12
6 7
13 2
2 14
8 1
2 17
17 18
14 16
16 2
5 16
13 14
13 19
10 19
18 13
7 16
17 7
8 1
2 12
11 14
15 18
6 17
19 6
8 11
13 14
15 17
6 4
7 10
9 17
19 13
15 19
15 19
13 16
3 6
8 10
15 4
18 16
4 18
1 6
10 12
4 14
6 10
14 5
11 1
1 12
13 11
18 4
18 9
8 19
4 19
19 6
9 5
7 15
3 16
