45 42 29
45
4 9 18 27 10 16 22 25 30 19 26 3 41 37 36 42 29 8 34 17 44 28 14 23 31 40 38 7 33 2 21 45 15 32 12 35 5 1 13 24 39 6 11 43 20
440
16 7
25 39
40 45
24 4
15 18
30 36
36 3
14 15
45 21
4 27
19 29
2 44
41 30
7 11
17 12
27 12
34 30
43 3
17 42
38 28
22 4
27 45
1 38
3 36
32 35
1 30
21 17
3 26
3 25
22 35
12 29
40 13
38 20
19 28
8 27
36 3
10 33
20 13
32 8
21 27
34 44
24 18
26 14
37 35
36 33
13 24
9 29
36 7
27 17
42 31
18 42
13 4
38 7
15 7
24 26
13 12
4 9
36 8
13 29
5 36
23 31
34 15
38 11
39 43
6 35
5 29
27 36
11 30
8 26
16 29
1 14
42 1
23 16
1 4
33 40
11 14
23 22
39 3
9 11
29 11
8 26
33 26
43 39
22 12
27 40
38 24
20 9
37 16
6 20
34 14
1 23
2 8
3 37
28 30
25 22
33 27
16 36
8 10
36 5
39 42
25 43
27 28
43 24
4 23
2 36
39 34
17 7
36 10
27 25
12 25
1 10
35 15
10 14
37 17
16 6
39 33
29 37
10 12
20 44
32 43
31 45
19 27
16 36
17 11
43 2
15 10
23 26
23 14
23 4
24 31
34 1
32 8
31 21
29 39
42 25
33 6
39 37
41 22
29 9
3 34
23 21
15 8
31 10
23 43
40 14
5 3
38 12
33 35
35 23
24 22
20 40
22 26
23 16
19 14
17 4
4 1
31 12
8 42
35 5
37 25
24 9
2 19
19 9
38 26
14 17
25 45
23 22
28 35
6 15
25 16
41 36
22 7
28 25
33 43
3 31
44 6
34 41
28 13
11 35
16 39
31 4
37 1
8 23
16 32
29 6
38 24
23 41
9 44
11 34
9 2
36 14
29 8
34 10
39 18
39 32
40 38
44 35
2 35
17 26
45 35
40 35
7 18
35 30
45 27
36 35
9 5
25 39
3 38
12 24
45 40
37 28
29 12
24 27
24 16
40 35
29 20
31 34
26 9
32 8
45 29
29 42
3 27
15 1
1 27
19 34
25 43
6 38
37 34
43 40
34 7
21 37
41 34
42 6
40 2
3 25
3 18
29 43
19 43
22 7
33 42
33 37
10 6
16 33
43 40
33 10
26 23
8 13
11 3
37 34
16 41
29 19
5 20
7 22
15 45
14 1
1 17
10 36
34 27
2 34
17 13
40 23
6 44
2 20
13 30
28 44
1 27
12 30
21 27
29 22
34 31
40 1
10 20
3 23
6 34
15 3
4 19
41 18
20 10
44 27
31 15
8 22
35 4
16 40
36 21
42 19
42 40
31 25
2 42
35 20
5 38
7 42
6 23
23 2
17 1
10 36
15 19
28 32
45 24
20 5
14 33
14 6
45 40
40 14
10 38
33 4
26 35
14 36
26 15
16 40
41 18
36 5
33 28
3 43
37 44
23 7
18 19
9 44
38 30
1 25
9 15
25 18
15 42
26 40
44 4
7 39
16 37
31 1
33 36
18 26
6 26
25 5
44 14
16 20
38 33
22 31
20 6
5 4
40 22
35 3
7 28
38 6
25 40
36 21
33 10
3 30
29 1
12 18
39 14
18 13
1 15
27 2
2 18
35 23
33 5
23 35
26 1
20 11
44 8
5 15
34 33
34 45
36 17
2 41
17 18
41 39
30 10
18 11
42 30
8 41
36 4
10 28
31 36
28 5
27 37
6 28
30 34
31 35
34 12
36 40
12 16
43 24
32 23
8 43
45 3
30 29
8 41
12 2
16 44
14 1
28 14
27 32
9 5
34 41
33 23
10 44
27 22
10 5
23 13
18 9
26 5
31 44
26 33
30 33
7 10
16 17
23 11
42 36
17 42
36 6
6 36
6 33
24 5
34 33
14 1
16 13
28 3
34 5
12 24
2 17
7 18
13 32
29 24
43 41
35 38
36 22
33 32
3 8
6 30
42 10
19 33
28 26
12 7
9 14
7 38
10 37
1 2
10 14
42 18
28 36
10 41
