46 44 19
40
24 9 38 25 34 21 30 46 1 43 18 8 33 37 10 26 14 13 7 23 16 20 45 32 41 4 11 27 28 42 44 31 40 35 29 2 39 6 5 17
420
46 5
13 31
37 24
44 2
34 16
22 38
27 38
4 11
6 3
31 2
40 43
25 26
7 36
43 29
27 8
5 19
23 35
37 28
37 1
23 12
17 2
33 30
6 23
11 17
19 3
35 14
39 3
40 1
18 6
28 18
17 13
44 9
9 2
9 36
35 23
46 32
38 35
12 26
3 25
8 22
22 41
26 14
28 42
20 37
44 16
44 43
46 31
11 4
18 33
32 6
24 14
7 31
24 14
40 17
7 5
6 25
11 22
17 23
19 8
4 14
22 16
8 18
36 2
20 36
24 28
36 13
15 43
13 18
35 43
37 25
4 41
9 17
29 32
8 45
35 12
26 42
27 24
46 11
5 32
11 39
31 44
12 42
30 39
25 18
9 20
35 45
38 4
10 11
46 40
5 29
39 2
45 5
1 38
42 36
18 41
8 27
23 42
20 16
40 32
20 10
45 3
38 5
34 17
19 13
13 12
44 26
18 10
25 27
31 29
25 19
1 12
9 29
5 14
40 2
2 42
30 15
13 35
7 17
43 46
42 28
1 6
10 27
1 4
17 46
3 27
31 3
35 19
8 32
11 42
30 36
33 36
13 20
30 43
20 33
41 1
9 2
8 12
12 10
3 11
16 22
35 43
34 14
18 41
3 12
22 34
39 29
24 37
10 19
32 42
7 18
11 31
24 9
22 28
12 39
19 11
7 15
13 45
32 43
29 6
3 38
1 31
41 40
35 9
3 12
45 29
24 33
14 39
21 6
20 5
13 14
23 39
5 2
2 30
23 28
22 27
8 18
9 10
23 19
34 40
18 24
19 38
36 3
4 40
37 24
40 29
28 17
9 41
20 32
10 2
31 40
35 1
19 5
39 9
26 19
16 42
32 27
19 14
16 1
22 2
35 2
3 33
13 37
10 5
2 37
9 37
43 37
6 24
28 23
14 46
45 34
38 29
37 8
24 4
24 33
9 8
21 45
35 10
19 39
35 46
39 46
32 34
16 2
11 1
10 12
25 2
19 4
22 38
43 11
17 33
36 40
16 38
30 43
13 43
22 17
38 40
13 31
44 40
6 4
2 40
21 17
3 34
43 8
43 13
35 3
21 4
3 36
22 33
36 33
45 15
3 4
2 39
31 2
28 5
3 9
13 3
23 20
15 4
7 13
5 9
21 18
28 2
25 39
5 4
15 44
25 34
5 28
27 37
24 34
28 11
21 12
43 35
32 17
21 26
22 16
19 1
29 4
19 1
15 37
2 40
36 5
14 32
16 2
33 37
23 2
39 15
8 41
2 35
1 19
32 9
36 2
12 13
19 44
23 8
12 24
28 30
23 12
13 6
30 18
5 32
11 31
10 18
42 14
44 42
24 27
14 43
21 26
36 24
10 39
44 2
42 37
31 7
6 42
1 44
33 8
15 38
36 41
4 7
9 22
46 36
29 23
14 34
18 33
46 21
43 15
3 18
26 28
45 11
27 5
1 12
20 5
30 25
37 11
26 42
46 18
40 21
3 32
9 3
42 24
8 41
17 13
43 6
15 35
17 9
4 37
15 12
14 35
19 38
1 23
23 43
33 44
5 38
23 14
10 42
21 14
15 13
42 24
20 27
16 28
33 22
27 44
3 12
20 22
42 2
45 20
45 40
35 40
6 32
6 34
42 28
15 9
20 34
33 7
18 24
44 10
15 16
28 20
41 4
6 2
40 39
34 11
42 41
45 40
33 23
9 35
9 30
30 8
9 45
42 1
16 41
15 16
31 33
11 37
23 36
11 1
40 31
20 24
29 45
27 17
31 37
39 29
38 34
42 3
1 21
9 45
16 4
4 38
44 45
38 28
36 32
14 42
39 43
39 7
38 22
24 1
20 19
33 20
11 37
34 15
20 32
33 3
