46 43 17
22
24 40 4 26 1 41 37 18 3 9 22 30 32 11 44 20 8 13 42 34 35 19
119
3 10
24 1
26 19
19 43
33 36
7 10
24 15
36 38
30 12
38 23
43 27
26 43
41 20
30 34
22 39
10 42
44 46
4 6
27 32
6 25
14 46
16 4
2 18
40 18
20 26
44 12
32 17
39 16
30 2
33 5
41 18
33 29
27 45
26 19
13 27
32 6
28 16
7 3
3 30
37 40
4 40
14 1
34 26
20 16
18 40
29 42
26 19
7 10
21 37
20 8
2 42
40 27
1 11
16 13
45 11
30 20
31 5
11 9
16 1
31 18
46 19
45 30
39 9
27 44
10 45
28 2
4 31
38 42
34 6
35 21
30 25
32 20
23 25
46 35
25 1
11 42
12 22
41 28
10 1
3 43
39 16
14 16
4 44
13 16
16 44
10 40
2 30
15 28
28 34
34 3
4 13
32 38
36 40
1 3
29 13
26 7
11 8
44 42
46 36
46 27
8 39
13 31
18 31
13 10
34 24
20 17
5 33
25 8
39 38
9 11
32 38
30 42
40 22
37 18
14 9
8 4
25 28
27 4
15 34
