28 9 8
21
20 24 21 16 10 28 2 4 8 19 27 9 22 25 1 26 23 7 18 11 5
262
18 4
27 20
26 10
17 22
15 16
3 20
9 17
26 15
27 5
10 26
1 14
7 23
12 2
10 24
13 20
5 12
2 3
19 11
5 24
2 24
19 17
23 15
17 24
9 28
8 10
25 17
11 2
25 23
3 7
19 5
14 18
12 1
5 21
19 11
16 28
2 17
4 2
10 5
28 13
14 7
22 2
3 6
3 8
10 15
6 5
17 10
3 19
9 20
3 24
6 24
6 1
26 14
13 4
19 10
14 21
9 22
21 3
1 5
2 8
7 8
13 18
13 3
6 21
1 3
17 9
28 5
9 20
10 12
10 6
17 13
13 24
10 7
24 19
9 25
9 25
16 10
27 15
20 27
13 2
5 9
24 26
6 23
6 12
28 8
14 6
26 9
15 22
4 5
21 18
7 12
5 18
14 24
5 22
17 11
1 10
4 17
28 23
19 13
3 27
12 13
21 1
19 7
11 4
19 8
2 26
8 22
17 21
22 14
1 9
6 8
26 3
28 2
19 13
15 26
1 9
9 6
3 21
8 24
8 20
9 15
12 15
18 10
5 12
18 2
17 16
10 16
5 9
23 12
14 16
15 12
27 8
18 7
5 28
12 26
14 27
4 22
25 16
24 12
5 27
21 26
12 14
5 15
9 16
14 2
4 10
18 24
22 9
27 6
4 21
5 8
14 10
6 12
26 9
8 4
10 22
10 20
9 8
3 14
5 12
2 4
25 6
10 23
2 21
18 15
14 23
19 24
17 5
7 9
9 19
6 13
25 14
1 9
6 2
11 9
23 18
12 14
8 7
9 21
17 3
18 15
3 5
26 22
16 2
22 5
1 2
7 25
20 2
8 25
19 9
26 3
28 6
26 23
17 1
25 22
21 17
28 13
19 14
5 11
9 16
15 26
6 24
14 12
13 8
5 25
13 15
7 20
2 15
6 24
7 22
27 22
3 18
21 2
11 3
6 20
24 14
19 20
12 28
26 10
19 11
26 24
19 9
4 16
21 6
24 19
11 26
8 14
27 6
3 20
2 27
20 2
17 6
28 16
10 5
21 18
16 15
26 11
17 22
11 1
7 3
7 10
12 9
23 20
26 9
17 1
27 7
6 13
2 25
10 2
18 1
3 7
16 3
27 5
28 13
19 26
12 9
7 19
28 4
5 24
21 20
23 7
8 20
28 16
