47 22 5
26
32 40 25 10 41 33 30 12 11 46 37 27 8 18 3 35 9 22 19 36 47 29 44 34 31 28
227
13 29
33 7
11 35
14 5
9 1
19 4
36 25
15 46
11 40
12 28
41 1
27 46
9 32
36 7
41 21
34 31
46 42
33 26
16 47
24 5
5 25
26 46
35 47
37 5
40 10
2 25
27 28
23 39
23 44
33 40
9 41
42 32
24 9
27 32
19 27
30 32
42 21
17 16
20 4
38 33
47 3
22 45
35 31
25 12
32 46
24 35
39 13
6 1
37 12
21 40
9 45
47 19
13 47
5 1
35 45
25 40
4 21
21 42
45 42
22 37
35 25
44 27
17 32
40 41
8 25
45 10
27 42
17 2
21 20
20 40
37 32
28 19
7 5
9 12
41 43
9 22
23 27
8 36
24 41
3 46
13 12
38 34
4 2
26 42
47 18
27 1
40 37
47 27
33 44
6 46
8 22
10 45
25 23
39 44
13 24
44 27
5 21
24 39
34 7
11 39
3 11
3 45
10 12
14 12
18 1
6 35
31 37
3 29
11 17
42 12
35 34
15 13
3 39
27 24
46 26
22 7
11 27
37 29
37 13
44 39
36 8
43 3
5 47
21 15
44 43
10 18
16 2
37 4
27 16
8 36
33 27
11 10
32 10
24 23
19 9
32 12
33 14
17 1
40 16
47 42
18 35
1 25
7 8
19 10
14 17
17 14
32 45
41 38
42 29
34 37
22 36
41 21
1 7
2 23
4 41
27 30
40 12
39 43
22 12
12 38
7 12
22 25
47 44
37 2
21 6
2 6
16 19
3 27
23 41
13 30
36 38
23 17
16 5
35 39
43 4
17 40
8 15
13 43
34 26
39 21
9 11
46 9
20 2
31 43
18 32
15 2
35 1
23 3
25 47
41 14
14 45
25 47
23 7
22 24
40 19
41 11
4 1
33 41
16 45
11 25
34 45
29 45
29 27
33 47
23 36
13 25
21 29
22 28
24 9
40 30
10 4
16 3
38 3
40 25
5 17
42 19
38 21
45 29
41 23
10 14
8 21
43 11
30 37
35 37
23 25
12 30
35 7
