44 2 39
38
38 31 19 21 14 23 15 9 13 33 32 42 40 11 43 28 4 12 39 37 18 10 41 2 44 7 16 30 35 36 22 5 3 24 8 6 17 25
242
29 18
13 12
10 31
41 26
13 1
33 18
17 32
9 15
9 42
4 14
3 32
42 39
12 29
20 26
15 25
16 41
9 36
23 22
20 13
3 9
31 33
39 13
17 7
35 42
23 16
13 31
38 3
7 5
25 43
20 10
2 26
30 26
28 25
16 22
11 16
9 38
25 26
37 22
3 13
15 12
13 5
31 10
26 34
27 35
41 6
13 19
10 12
23 28
8 33
4 3
40 37
14 19
35 32
10 18
29 23
39 9
30 32
26 30
43 15
22 20
32 17
36 41
42 19
32 1
18 15
26 12
37 19
20 29
33 28
8 27
9 33
2 30
11 6
1 18
11 24
40 38
19 28
30 10
7 39
41 39
15 13
9 16
14 8
36 4
44 40
6 23
8 12
38 43
26 33
26 5
32 6
1 2
5 43
43 13
2 19
41 31
42 28
9 32
21 7
17 38
34 16
15 30
28 43
6 40
33 14
12 10
44 23
8 14
35 2
38 4
20 6
12 15
25 42
14 32
9 7
34 3
28 38
29 31
35 39
8 25
36 20
11 1
22 20
15 34
19 5
2 40
3 20
26 40
13 20
2 44
11 37
42 36
19 26
33 36
24 11
40 42
38 39
24 44
12 44
36 16
1 18
21 38
23 30
14 8
26 10
5 35
33 42
38 36
33 44
36 34
5 35
42 41
17 12
5 3
37 5
14 40
6 44
27 26
15 12
40 14
6 39
25 29
21 8
37 7
10 17
33 14
40 4
27 22
19 11
38 33
16 37
1 20
14 36
37 16
31 5
27 31
44 9
34 33
4 34
40 23
29 9
40 41
40 20
28 35
20 7
38 37
3 18
13 15
44 6
41 23
16 22
13 29
42 14
44 29
4 36
12 41
27 17
40 26
35 27
13 31
1 29
20 9
29 2
21 25
10 19
8 39
36 23
13 38
2 32
16 10
32 20
25 16
30 27
24 27
9 21
2 33
17 12
15 43
5 20
6 3
30 15
43 21
30 37
43 39
26 21
9 40
16 14
1 11
39 12
17 23
43 42
16 40
25 23
31 2
32 2
41 29
40 44
34 1
31 36
15 16
2 24
14 2
