1683
3527
581
1029
1043
205
4065
1849
1212
4756
73
3072
3635
4792
1678
2210
804
1761
4663
4916
2896
2560
3364
896
4144
2180
3455
118
4579
1999
2467
1290
867
1217
356
2446
3576
4146
2549
3243
199
294
1483
1624
20
1194
2683
1822
3892
1873
552
1026
3847
2662
4050
2310
100
859
2002
1081
2995
1837
1544
3163
297
2526
1800
4404
2848
1159
3558
278
1599
4893
3941
3328
4659
2218
1511
3449
4022
835
493
2769
4623
507
4465
1620
4175
4311
2862
2165
969
1065
3510
117
2443
4642
117
105
1130
2980
4388
4943
1862
4729
4422
3300
387
1956
1811
3329
2248
1042
269
2998
3590
516
1336
4450
2508
1938
3965
2059
3475
2986
1299
