0.019
0.004
0.002
0.011
0.001
0.001
0.004
0.007
0.018
0.014
0.001
0.008
0.018
0.003
0.007
0.018
0.004
0.017
0.012
0.015
0.000
0.018
0.008
0.014
0.001
0.018
0.009
0.010
0.017
0.010
0.002
0.014
0.009
0.012
0.016
0.015
0.008
0.017
0.014
0.015
0.006
0.018
0.005
0.011
0.005
0.016
0.009
0.008
0.003
0.005
0.009
0.011
0.014
0.018
0.016
0.019
0.006
0.009
0.008
0.010
0.014
0.016
0.003
0.005
0.018
0.008
0.005
0.008
0.015
0.002
0.016
0.004
0.005
0.005
0.002
0.002
0.012
0.012
0.002
0.003
0.002
0.013
0.018
0.014
0.013
0.005
0.009
0.019
0.013
0.016
0.016
0.013
0.002
0.012
0.018
0.002
0.013
0.017
0.009
0.002
