4637
2636
228
4707
2086
2456
4000
2344
4137
4173
3572
1415
3803
3905
3370
3072
2711
4494
3566
145
1807
2146
1408
1576
1162
2994
3090
259
2976
2493
65
2209
62
1136
1395
2600
3398
490
328
2899
1027
546
429
3782
468
4586
1846
470
2917
1346
4232
3184
2637
452
5
3439
1525
2443
2282
2311
1187
1850
3331
461
4670
2302
2694
1153
3608
723
3664
2926
4985
1927
4991
4866
90
1023
2057
557
4948
1825
235
894
3045
4261
778
2198
4606
4306
637
90
3397
4981
1142
4298
4364
3979
2436
524
200
3735
3066
2792
668
2287
4934
2660
1986
3584
470
1691
3565
2705
1597
2867
68
4059
1904
1639
2213
4918
2674
1525
322
2327
3619
4177
3538
3377
3795
4296
433
2743
559
1135
3153
298
4083
3883
2838
4493
1952
3450
1775
4404
1104
4073
1547
1890
38
4768
2008
805
1331
3525
4720
1095
3185
4258
3151
482
3573
1021
1399
2634
672
923
2869
2545
4479
2256
165
3763
4306
4388
3467
3819
3666
1390
3544
2985
3793
187
4576
2660
4347
174
629
2068
436
4656
3676
852
1398
4672
4395
1961
4564
1432
2750
2467
2163
4111
2271
4197
590
2455
1083
1026
4085
2335
3567
3348
4917
4988
848
4784
2605
1596
1551
2085
4509
3263
411
2571
1848
1839
3378
4662
2185
3881
2608
4302
3674
2840
726
1574
2455
168
1667
197
1050
1971
4442
2747
64
1410
2041
802
2759
2549
627
52
4064
1389
