Indigo 61653 129599 212777
Hillary 77010 120552 203625
Jasper 74472 123468 204086
Ginger 67082 124284 196916
Hiram 73451 121822 205334
Ivana 70579 130307 199687
Blaze 68732 135965 197979
Lars 61443 137269 215544
Zephr 79038 130266 181179
Aimee 75206 127282 217608
Wynne 65846 137187 202556
Troy 64627 123664 215112
Hamish 65320 135901 184143
Jocelyn 72478 123229 181332
Ocean 77254 126255 215479
Melvin 66484 129481 209359
Andrew 79151 122456 187769
Wyoming 75341 128197 210165
Winter 78325 129154 215894
Zephania 63745 128832 215452
Nerea 63133 128661 201638
Jenna 72952 129407 202213
Brennan 71773 130581 199792
Brianna 77119 135145 216565
Lois 65384 124895 189338
Burton 71784 124275 201709
Brooke 60294 135982 216598
Oren 78606 138655 184911
Zephr 78550 135718 201199
Martina 69597 121393 188918
Elton 63383 122402 184132
Reece 67231 128870 190989
Honorato 68160 127740 180992
Fitzgerald 72338 131422 212352
Malik 61784 136044 202837
Kibo 62197 125307 189206
Macy 70878 126093 195765
Jenna 78704 135850 182895
Shellie 60069 122578 186386
Chadwick 60480 121701 192875
Kevyn 72024 124443 215947
Thomas 76956 137628 203891
Denton 64338 130619 203097
Neville 76172 133225 196279
Emerson 78874 128985 198027
Colt 71998 130988 193801
Chastity 69048 128225 181702
Shellie 71512 135073 208899
Kim 60418 136797 187624
Murphy 75095 120245 212170
Cheryl 60022 127321 196215
Sylvia 66117 136347 192361
Charles 76945 130023 212535
Kenyon 73270 128353 215673
Jermaine 70258 135948 186937
Byron 69057 120612 186942
