33 13 16
20
12 14 5 10 16 26 31 22 11 30 1 21 9 2 18 17 8 20 13 7
416
4 21
24 8
7 33
27 23
11 30
19 16
29 11
10 12
32 25
1 5
11 19
16 22
3 5
25 22
18 10
22 18
24 12
21 10
15 10
27 16
19 31
17 13
4 24
20 24
23 8
21 12
17 31
8 19
11 26
3 4
19 23
33 30
33 31
12 22
12 10
29 20
24 19
6 31
18 2
19 12
25 15
31 11
1 3
30 13
28 6
14 2
8 13
25 16
7 22
4 29
23 27
6 13
3 22
16 20
15 17
31 20
33 29
11 33
9 33
15 26
12 3
5 11
27 4
23 21
26 28
2 12
6 15
3 14
19 33
1 27
33 7
23 25
25 32
13 29
13 22
26 10
24 15
27 25
21 15
18 1
18 10
9 1
22 13
28 27
12 23
9 27
6 10
33 4
12 5
29 12
15 33
23 28
19 11
8 6
3 13
3 26
31 27
16 7
10 29
21 16
23 25
26 13
4 11
30 19
28 12
33 32
25 1
12 27
26 17
14 4
11 23
11 30
1 25
33 12
31 1
7 12
20 13
12 19
28 9
31 8
18 7
12 3
20 32
14 26
33 12
5 6
27 29
12 17
20 27
29 8
23 17
30 12
31 19
24 5
10 30
19 11
11 24
23 15
25 16
1 3
19 6
24 16
19 13
5 4
16 31
12 15
18 11
14 33
32 19
15 26
9 7
18 25
3 29
31 29
8 13
26 23
9 16
3 20
27 20
8 11
8 28
28 4
20 28
28 13
12 21
23 15
11 33
28 30
31 16
8 3
5 19
2 19
14 32
12 14
1 29
27 26
32 24
31 12
8 21
9 22
17 27
20 11
27 20
26 1
13 11
22 8
33 8
23 24
25 12
16 17
27 15
5 19
30 1
3 8
5 26
13 20
20 24
14 10
17 2
12 2
30 12
13 2
27 29
16 9
12 2
30 23
26 23
22 25
15 14
6 7
15 13
21 11
28 13
10 33
4 21
16 25
23 27
7 21
10 12
13 22
22 3
16 5
19 1
15 31
30 19
6 23
30 17
27 7
10 33
2 4
3 12
7 11
29 1
4 6
17 31
12 5
6 13
29 18
24 17
1 21
13 18
17 11
22 8
7 30
6 3
6 32
20 25
17 4
3 10
29 16
29 30
17 18
32 31
6 15
17 28
10 32
29 5
32 29
25 22
13 15
9 26
19 28
10 33
14 6
27 6
30 12
11 23
24 11
27 33
18 11
28 7
8 14
31 32
10 14
6 21
11 32
27 16
23 21
22 10
14 16
13 26
26 12
25 19
22 29
10 18
4 7
22 19
30 31
27 28
20 2
19 23
3 17
3 18
32 26
17 1
7 14
33 13
13 17
6 33
19 9
13 15
21 25
4 7
9 25
23 21
1 12
10 6
12 14
18 30
2 24
14 2
5 1
11 32
3 26
21 16
1 17
16 12
22 5
23 25
14 25
31 10
15 27
27 8
26 19
16 18
8 29
31 5
17 10
11 28
30 18
6 9
17 4
31 24
5 20
5 3
27 30
10 18
32 26
28 29
2 10
10 21
23 28
25 33
30 26
23 4
16 17
6 32
20 28
22 15
4 28
15 4
22 19
22 1
7 10
22 30
1 14
13 33
18 2
3 4
28 27
14 4
21 20
7 1
32 19
11 2
22 9
1 6
18 3
19 32
7 11
15 27
30 26
5 8
10 16
19 3
10 6
3 6
29 18
2 11
1 20
20 3
11 3
1 4
26 23
20 15
30 16
25 30
14 20
21 27
14 16
25 1
8 20
6 31
7 27
32 13
27 12
26 29
16 21
24 27
18 3
1 8
4 9
9 2
15 26
14 13
21 4
16 21
12 21
32 33
20 10
9 12
6 20
20 18
30 24
19 23
30 4
