44 20 23
15
32 34 10 18 27 31 12 25 15 41 39 11 7 6 16
675
29 5
5 18
41 4
16 41
40 15
19 9
29 6
29 26
24 5
14 7
8 39
23 7
23 32
25 39
28 42
3 20
37 13
9 8
34 7
39 25
1 32
11 31
9 20
7 23
10 19
8 30
6 30
28 35
22 44
23 18
17 25
27 32
9 34
19 35
12 24
13 36
6 19
28 10
7 17
42 5
4 34
2 3
37 40
26 41
18 15
6 23
2 32
39 20
6 34
35 42
33 1
24 44
20 2
36 22
24 28
29 22
3 43
28 10
40 17
29 33
26 21
13 14
8 3
21 37
2 20
13 30
21 3
6 34
8 44
15 14
15 42
37 20
12 39
23 4
4 31
10 7
12 14
36 13
34 41
29 13
21 42
30 41
24 32
37 31
30 12
19 43
44 13
28 42
18 10
21 33
35 10
8 42
33 10
33 15
27 8
28 19
42 32
29 2
7 22
32 11
2 24
32 41
34 23
28 25
41 29
8 40
19 28
28 13
1 15
3 9
31 7
29 16
44 30
39 29
36 20
6 24
18 29
5 16
8 24
31 38
1 12
30 38
6 16
9 4
14 16
23 12
23 1
18 31
26 27
22 2
3 28
35 41
26 11
44 35
41 21
44 10
30 2
18 23
20 24
35 9
38 22
20 28
8 18
25 26
17 16
42 39
44 41
23 37
2 12
23 11
5 28
20 9
12 33
22 32
26 38
3 26
44 23
32 15
20 26
5 42
16 35
20 44
42 15
29 3
2 16
12 19
12 19
11 4
7 35
30 7
39 10
2 41
35 20
24 34
29 11
24 4
35 34
41 14
11 1
4 22
11 36
25 10
15 11
13 1
20 32
24 38
8 22
33 6
40 1
30 39
26 29
26 21
1 42
27 43
24 29
37 18
21 1
42 36
22 7
9 6
14 27
31 21
28 36
20 44
29 6
44 24
30 35
29 42
14 22
33 16
10 39
32 10
17 37
11 22
19 8
22 23
25 20
43 30
30 29
24 25
43 1
34 31
14 29
12 1
36 38
3 28
1 17
8 25
30 25
11 25
37 43
2 37
23 30
17 40
24 40
10 4
2 18
41 6
4 37
19 36
21 13
41 3
41 23
25 44
43 16
4 32
32 6
31 35
4 24
16 3
10 26
17 25
6 3
38 14
30 23
15 37
1 15
1 38
3 9
25 7
44 16
37 41
10 3
40 9
6 41
16 2
25 22
30 18
38 34
41 22
28 16
16 8
42 29
17 14
26 6
3 21
36 42
11 36
17 24
10 19
30 18
3 13
42 44
29 2
7 16
36 17
14 13
2 3
28 23
23 40
4 10
2 28
6 44
23 15
43 22
26 34
7 27
27 29
12 4
15 36
9 12
3 36
9 32
13 3
1 38
24 14
21 27
8 10
16 35
5 19
26 21
35 40
39 12
1 9
16 8
5 32
8 5
29 39
20 14
23 31
25 18
16 10
16 30
31 34
3 2
31 10
41 8
21 28
21 23
40 13
30 33
24 12
7 16
39 22
28 43
7 32
21 26
44 43
30 43
5 17
37 9
2 12
44 33
43 13
16 42
7 43
27 40
19 9
37 30
9 6
28 33
37 31
19 24
7 34
17 32
23 26
15 8
35 15
11 7
6 4
40 20
31 12
20 1
5 10
44 24
30 22
31 19
32 40
38 18
24 44
34 33
10 32
31 30
32 35
1 26
36 12
6 28
15 7
11 44
29 42
26 36
12 10
6 36
27 21
29 16
16 37
7 5
14 40
43 5
43 30
5 13
12 15
25 30
31 22
16 4
43 20
27 15
3 26
26 9
40 5
32 15
7 38
19 23
25 28
23 43
7 31
26 23
40 1
10 29
1 35
7 6
12 3
7 19
32 17
37 14
10 34
19 37
25 22
39 29
41 11
41 16
16 21
12 10
22 38
2 18
36 13
32 41
22 30
2 28
41 31
15 36
6 42
30 38
28 24
42 10
20 35
1 18
11 7
28 6
33 18
23 27
13 36
11 15
26 40
28 16
4 19
37 8
11 20
43 24
23 8
34 26
17 33
8 38
27 24
37 39
27 13
23 41
28 29
28 32
20 41
12 8
16 32
24 8
37 9
40 7
40 21
44 39
16 14
34 21
31 1
18 30
39 37
33 25
19 23
4 2
33 32
24 28
10 32
40 6
4 26
20 13
20 43
40 7
37 41
42 13
19 8
19 39
12 1
35 16
25 14
33 26
32 31
18 11
42 5
44 9
34 40
38 19
19 7
4 31
16 25
24 3
39 35
30 17
26 21
20 21
34 11
1 26
17 12
27 7
1 23
29 15
2 35
1 23
40 23
2 18
20 36
32 12
15 10
36 37
15 11
20 23
13 5
33 15
16 18
1 14
29 41
11 14
26 14
36 25
23 36
18 11
9 39
27 1
39 8
42 33
10 14
36 43
29 33
6 38
4 12
12 44
33 32
42 16
26 36
23 21
11 41
33 25
36 19
4 37
9 28
5 41
15 40
23 2
41 28
9 1
24 30
41 4
34 15
35 10
12 5
22 35
26 19
29 26
8 10
44 18
2 38
6 10
20 3
14 23
22 12
10 36
6 35
13 9
1 18
11 8
14 8
15 23
30 28
1 32
38 8
35 20
24 33
43 42
20 28
23 20
15 9
4 8
3 2
21 3
24 1
11 22
10 11
31 22
19 41
17 18
37 1
17 36
4 10
21 10
23 26
13 32
43 38
42 27
39 32
37 22
35 6
27 40
38 42
32 3
17 42
18 29
44 23
24 27
41 19
11 18
3 28
8 14
43 42
3 6
9 32
21 43
26 22
16 30
11 39
16 32
34 31
40 20
41 18
22 31
30 26
6 13
41 40
9 23
33 8
38 25
18 33
11 9
39 28
38 35
37 7
15 22
3 12
24 26
24 40
29 35
25 40
17 29
14 23
4 15
30 20
1 5
43 27
35 44
42 25
23 10
40 21
11 28
4 30
32 6
14 24
16 5
10 13
30 4
44 43
13 6
4 13
32 41
22 2
11 15
18 44
31 7
30 25
44 3
23 14
4 38
