46 38 4
9
16 37 27 33 14 25 35 39 7
846
34 4
41 1
39 23
29 36
23 20
29 30
1 43
29 41
11 46
26 19
39 31
17 25
38 20
31 45
25 3
6 18
28 14
9 44
21 10
30 34
38 46
43 1
30 27
40 3
20 35
44 32
22 17
45 28
27 7
11 16
37 32
15 22
9 44
17 21
40 36
46 26
41 16
31 8
28 36
42 8
17 31
34 9
12 19
32 7
43 10
12 44
31 4
1 35
39 31
46 11
43 38
22 14
14 44
40 5
9 35
45 25
31 32
16 21
32 23
7 16
17 41
37 2
21 36
8 3
22 13
8 6
13 11
20 9
45 1
11 38
46 9
32 41
28 43
5 8
3 31
9 1
20 12
27 13
44 40
26 35
18 24
28 42
4 16
9 44
21 23
10 28
8 2
45 33
29 24
40 37
27 22
24 2
23 36
13 7
44 5
15 31
12 42
30 41
21 30
36 20
20 44
8 42
7 29
30 27
13 3
7 6
6 32
34 7
45 41
14 41
20 40
26 17
1 25
36 23
27 23
27 31
7 6
29 14
33 18
22 26
26 13
28 30
16 11
20 11
24 25
16 18
21 16
35 9
18 6
19 2
36 13
31 20
33 36
20 43
25 17
28 36
44 37
30 42
46 6
6 38
13 10
16 6
24 34
5 43
31 29
21 32
32 4
40 22
35 25
40 39
15 1
44 30
45 40
37 6
22 13
12 25
33 16
31 22
26 30
2 27
45 44
18 39
8 12
37 28
16 8
10 9
15 33
39 46
21 35
25 10
17 2
15 17
11 22
37 5
13 35
28 16
15 31
28 36
19 29
36 38
38 35
44 46
26 24
38 12
33 35
19 37
43 13
6 37
1 24
7 28
1 30
43 17
33 27
41 31
16 3
15 26
13 31
9 20
40 5
14 32
34 25
17 7
35 43
7 14
11 7
20 33
34 3
36 10
29 17
46 21
20 44
10 33
31 44
38 25
27 26
38 9
35 28
29 26
35 17
35 42
37 19
37 6
26 9
8 10
35 38
41 35
36 21
40 15
16 36
33 38
14 1
8 38
34 30
41 42
12 45
32 7
33 27
36 25
11 31
14 39
17 34
11 18
43 7
7 9
1 17
18 5
33 36
11 29
15 17
41 7
35 10
12 4
7 15
14 10
3 20
44 1
17 38
36 35
11 20
35 25
18 24
10 43
37 12
42 45
44 16
3 31
10 8
31 34
25 36
4 28
46 15
46 6
42 18
42 31
37 35
25 7
4 29
21 15
5 16
44 7
2 32
4 26
4 20
13 20
44 22
32 45
36 23
17 4
17 39
25 35
14 15
38 16
34 33
20 14
39 16
36 5
31 2
38 11
1 10
10 46
30 20
28 3
32 42
33 11
27 32
26 27
6 14
21 33
24 30
25 34
10 25
32 30
13 33
1 32
14 25
26 28
44 21
33 15
8 26
12 41
30 14
39 5
35 26
42 40
31 10
2 39
39 24
10 39
9 22
26 19
11 24
25 37
1 11
2 30
17 31
33 3
31 27
45 34
46 5
39 4
42 14
33 11
21 38
9 16
26 38
29 39
21 35
7 41
13 31
26 1
41 44
44 7
8 26
44 16
6 46
3 25
10 45
7 35
27 3
40 26
29 13
29 28
29 15
20 7
6 27
4 39
44 30
8 38
41 28
15 5
24 4
18 3
35 33
25 41
21 16
37 20
38 26
7 39
33 45
12 30
25 13
30 5
27 33
6 36
19 3
2 3
28 1
24 46
29 5
23 29
38 23
45 42
16 37
30 37
42 21
38 30
9 2
38 32
26 10
23 4
13 36
21 13
46 17
42 41
21 42
6 10
23 12
30 5
44 32
25 18
15 30
43 18
6 16
36 5
46 2
20 21
46 7
13 21
4 2
42 18
24 13
27 10
37 36
33 20
41 20
23 27
19 7
3 28
37 2
34 12
17 44
38 10
21 31
36 17
46 11
7 46
19 11
2 31
1 18
41 26
6 29
46 1
16 22
37 22
2 5
3 34
20 44
36 1
35 37
32 42
24 31
31 21
41 23
19 42
42 13
3 12
32 27
14 23
36 1
28 19
33 15
24 26
17 33
22 1
23 36
46 2
45 15
23 13
27 8
10 19
4 40
9 32
2 35
41 14
23 30
18 43
29 32
39 45
3 39
41 17
32 8
22 21
15 19
7 41
27 18
32 7
19 21
43 34
29 13
36 17
35 31
10 9
30 19
7 37
2 17
26 40
3 30
12 4
15 27
10 32
11 30
16 5
39 40
46 29
28 1
1 31
46 8
22 10
7 1
22 25
41 17
38 8
17 31
18 12
29 34
10 18
24 31
5 30
2 18
14 9
35 43
28 4
22 2
34 10
36 38
34 29
33 14
5 10
12 42
9 20
39 14
20 22
42 23
16 28
45 12
4 36
38 46
5 11
3 19
4 43
45 46
16 7
24 7
13 43
7 37
32 36
11 31
41 10
6 34
16 7
39 19
14 24
19 41
13 23
15 18
3 26
27 24
16 5
11 32
30 4
41 39
15 29
13 33
27 1
41 31
39 11
25 3
22 4
10 22
26 41
35 28
9 42
30 32
20 29
31 32
42 40
43 32
36 41
12 19
11 3
35 7
26 19
2 7
34 43
29 10
41 18
12 25
36 23
38 10
16 5
27 26
42 16
43 32
37 14
40 45
44 43
30 35
6 31
4 34
12 6
18 41
17 6
12 6
26 12
10 3
10 14
17 37
28 30
12 39
1 5
13 19
2 15
2 40
8 36
28 36
25 29
46 3
32 29
19 18
1 19
37 44
39 32
20 38
38 4
45 16
38 18
36 35
34 20
27 41
20 38
33 15
26 46
17 32
32 17
23 15
22 46
14 39
19 16
18 7
40 44
27 13
36 43
26 33
46 35
30 42
10 32
38 10
35 18
12 18
5 33
42 45
38 2
2 39
8 17
7 11
31 14
9 42
7 18
8 22
13 33
31 41
13 28
12 43
34 46
18 10
29 3
39 1
27 30
1 22
4 20
21 27
14 35
2 23
24 31
15 35
2 12
34 24
11 2
42 10
6 45
9 2
39 7
42 33
5 32
12 42
18 9
18 17
22 39
45 38
43 39
17 35
35 17
23 41
4 31
26 41
44 31
46 21
13 35
38 33
15 40
26 22
25 45
42 5
27 13
6 39
4 6
3 25
1 36
4 17
20 1
43 6
36 22
32 34
19 37
4 16
1 42
30 18
26 9
39 44
18 42
46 26
36 6
26 24
25 45
5 36
3 33
28 5
8 16
36 21
26 12
39 32
41 3
35 17
17 10
28 23
39 41
1 10
44 38
26 42
40 43
26 7
34 13
20 12
27 40
6 28
28 14
18 4
21 33
25 17
4 17
15 5
34 31
21 11
42 22
33 31
38 9
31 37
37 22
19 36
35 1
24 26
37 2
2 15
14 41
27 5
24 39
12 14
11 26
18 9
28 30
6 43
23 46
13 7
8 38
40 13
34 13
15 36
15 46
9 43
31 36
45 44
16 17
22 28
46 13
19 10
34 2
26 31
26 13
7 40
42 8
38 13
14 26
11 38
25 1
39 36
7 40
16 26
17 8
31 29
21 8
20 33
13 31
28 7
16 28
7 6
46 32
29 17
27 33
15 19
20 2
4 40
43 8
38 32
20 22
33 6
14 10
26 1
28 33
3 40
37 21
43 5
41 20
8 29
32 4
14 11
21 29
36 46
35 24
32 45
3 18
26 38
40 6
30 14
23 26
8 17
45 26
1 29
7 13
37 34
2 26
45 23
32 46
15 5
27 45
34 20
31 41
