15 7 14
7
8 13 2 1 6 10 4
98
14 7
11 12
7 9
1 10
5 13
15 1
9 3
13 15
11 7
3 4
2 8
15 6
4 12
14 6
13 14
9 3
7 1
5 7
3 6
3 7
2 11
12 5
7 8
2 15
8 12
12 9
15 3
7 13
7 15
11 8
8 7
9 7
2 1
9 8
6 14
15 7
13 8
14 4
11 10
12 11
12 2
15 2
12 11
7 2
10 1
14 8
1 6
6 8
3 6
3 14
3 2
13 15
10 3
2 3
15 11
13 5
15 13
10 15
9 7
10 3
3 12
13 6
11 13
15 7
2 9
4 8
14 2
1 12
11 3
1 13
8 15
8 9
2 8
7 11
1 6
10 2
15 12
2 13
2 12
4 5
15 12
11 9
7 1
13 11
6 10
15 9
4 10
13 8
11 4
13 4
5 15
6 1
8 12
13 15
9 11
12 11
9 3
7 10
