34 8 13
3
17 28 4
485
29 25
19 9
16 21
9 22
7 2
4 18
10 24
24 1
1 30
12 3
1 11
12 33
23 17
28 15
8 6
23 1
23 15
15 33
7 8
13 11
25 5
25 30
7 5
28 32
4 18
32 28
11 19
10 26
32 1
20 10
33 6
6 13
15 4
34 15
6 20
30 12
16 7
16 23
15 33
12 33
12 3
12 20
22 15
19 29
5 28
28 27
17 2
17 25
2 5
17 14
22 6
26 12
9 24
25 2
33 18
7 13
4 33
10 6
13 19
6 34
11 33
26 34
12 34
25 22
23 4
17 30
6 30
24 21
30 19
15 13
28 27
13 6
9 4
6 33
5 4
7 17
20 18
33 30
23 20
18 27
32 12
22 4
4 32
22 33
16 26
13 22
22 7
21 7
20 31
18 15
22 28
21 12
4 5
19 22
28 17
32 27
23 17
18 3
25 27
23 28
30 14
21 10
34 23
13 24
21 31
10 24
3 17
1 9
10 6
3 20
23 8
23 17
8 27
25 23
17 10
8 17
15 28
18 24
17 32
2 26
22 21
28 23
9 11
15 11
16 3
8 19
5 14
31 33
13 11
17 1
23 24
19 30
7 23
13 7
26 1
13 31
23 25
34 18
9 10
13 1
24 7
13 7
7 1
5 25
11 9
17 1
13 34
13 12
25 30
1 14
26 7
15 2
21 22
28 29
18 2
13 8
31 16
12 5
32 7
28 33
2 23
7 29
15 25
12 21
18 23
18 8
27 4
4 8
3 14
19 13
11 18
16 7
8 18
7 23
12 30
9 25
25 11
14 11
9 20
18 12
1 10
25 3
10 33
33 11
2 18
2 19
25 10
29 6
19 32
7 6
33 15
11 33
12 14
34 15
27 7
20 23
31 13
23 2
32 21
16 24
33 25
15 12
25 16
21 10
3 24
11 2
10 8
19 7
30 10
14 2
18 13
19 9
33 7
23 4
18 19
5 30
32 24
3 21
28 29
23 2
32 16
29 3
34 19
33 9
1 18
22 29
27 19
29 5
11 27
10 30
14 15
26 28
29 22
30 22
9 6
28 2
22 20
20 24
33 32
22 16
16 33
31 4
14 25
30 4
4 32
8 24
13 9
7 3
7 26
32 17
8 1
25 2
16 6
4 18
27 22
23 15
12 4
1 4
19 14
28 5
6 24
6 22
34 33
19 24
12 31
18 28
20 22
25 13
18 15
7 26
15 4
25 19
14 8
1 10
1 17
8 15
19 4
13 33
17 30
17 27
16 10
12 2
20 2
2 25
2 18
23 3
9 19
13 15
1 30
30 20
8 6
31 29
2 17
2 34
12 31
18 13
20 13
4 25
19 10
22 27
2 9
11 30
7 25
4 29
34 8
19 21
22 34
22 14
1 31
6 5
6 3
18 33
21 10
33 19
23 7
30 20
21 28
14 30
27 17
15 11
18 17
13 16
34 20
33 6
6 25
23 12
34 23
33 15
18 6
16 15
20 6
33 6
5 20
20 8
22 6
18 20
26 2
18 25
27 29
3 31
23 31
5 22
12 25
9 20
12 21
17 3
4 15
17 24
16 32
33 9
7 25
5 14
9 28
11 34
25 30
14 34
33 18
4 7
18 24
28 7
33 22
1 34
15 25
13 21
13 25
10 24
25 15
22 16
17 7
34 28
28 6
2 22
15 6
28 10
8 31
32 3
24 4
24 6
13 12
31 1
29 20
30 4
11 6
23 15
18 34
24 1
14 21
31 27
21 15
14 9
19 18
33 21
22 30
8 34
20 12
16 19
19 12
25 12
30 26
20 9
9 3
22 11
26 24
19 3
18 22
18 31
24 4
1 7
14 8
29 18
34 17
11 6
27 33
31 17
9 4
33 1
14 34
18 11
27 22
11 17
2 8
29 28
23 26
33 2
11 2
10 31
24 6
32 17
27 4
16 23
16 9
31 23
24 5
3 23
8 26
22 1
6 5
1 9
5 15
6 23
14 30
9 25
5 29
7 12
21 20
33 10
14 21
12 1
11 24
13 31
24 1
8 25
23 3
9 15
10 19
15 11
2 11
17 9
1 12
20 28
10 13
13 32
12 2
10 13
2 6
27 15
27 28
11 26
25 4
9 15
13 34
24 25
17 29
14 24
7 29
31 6
25 30
1 19
24 26
26 31
9 12
33 21
19 29
23 15
11 13
