40 31 27
4
12 36 18 15
221
26 36
22 40
18 26
20 6
24 8
4 19
28 39
34 13
15 14
18 12
28 11
19 3
25 2
39 32
4 10
4 9
21 18
32 19
11 35
30 18
7 24
9 27
25 23
19 24
1 23
27 8
31 16
40 7
11 19
2 4
31 2
10 28
18 34
4 12
22 7
34 32
6 15
13 17
27 4
20 11
21 7
14 5
14 4
18 33
10 40
36 28
6 35
36 28
29 30
35 15
7 12
13 22
30 15
11 29
37 33
17 34
31 3
2 31
40 37
30 2
23 19
13 17
29 39
25 11
13 38
35 38
34 37
3 30
10 11
9 40
22 18
14 21
10 29
32 3
32 19
6 2
40 12
24 28
16 36
20 25
26 16
38 29
7 4
16 5
14 10
32 34
19 39
25 5
9 27
11 19
33 19
26 23
33 28
27 3
12 40
6 24
32 9
22 2
19 3
4 40
7 19
32 35
22 10
25 30
26 35
35 32
25 27
7 27
17 21
9 13
2 6
3 38
33 2
35 10
5 32
31 9
24 15
20 22
17 5
24 30
27 37
17 1
2 31
37 12
18 19
6 11
4 20
18 4
33 10
31 25
16 8
5 6
30 38
2 11
26 14
8 4
14 2
15 14
31 28
38 8
1 20
28 21
37 31
26 28
9 20
4 39
24 25
26 14
24 30
33 39
22 9
40 27
19 36
22 13
20 8
25 7
38 5
12 9
38 34
30 17
31 12
39 5
30 34
18 29
34 37
32 14
24 5
21 28
30 29
1 31
16 4
5 26
36 30
21 34
2 21
13 2
21 34
21 34
27 4
30 2
36 3
20 7
21 31
31 13
39 21
23 19
36 15
35 27
40 18
17 40
29 23
25 38
22 2
18 6
18 13
14 18
38 24
20 26
31 8
28 36
34 13
7 34
40 21
23 17
12 23
21 1
20 23
24 16
27 15
32 38
2 13
33 3
39 29
24 9
14 4
24 8
28 37
15 12
35 7
9 23
11 34
