21 4 7
14
3 21 12 18 2 13 5 17 10 16 7 20 15 14
109
11 16
19 9
11 10
11 1
9 12
4 21
21 2
6 10
4 15
13 10
1 20
1 14
14 1
12 3
11 6
12 21
9 20
12 7
7 12
5 9
8 17
17 2
15 3
6 7
2 4
19 5
15 17
3 20
17 16
15 4
3 9
10 19
6 2
15 12
11 15
6 18
19 18
13 6
9 16
7 15
18 7
18 8
7 6
15 18
16 9
17 15
2 4
11 6
19 1
19 12
16 12
20 1
19 9
9 4
12 19
6 2
1 13
9 20
16 7
14 11
11 7
6 14
4 8
5 15
13 2
16 3
6 8
12 10
16 12
18 19
1 20
18 14
17 9
19 14
11 10
4 21
7 18
1 5
14 15
18 4
17 4
5 11
20 18
9 11
4 9
5 9
14 21
13 9
16 6
15 18
8 4
21 7
7 10
8 17
10 13
5 16
2 10
6 19
20 2
12 9
7 1
12 8
12 13
14 1
18 17
12 6
2 12
9 13
11 7
