Ingrid 78071 124230 185745
Xanthus 76966 121087 206462
Clio 63863 129265 216615
Macy 72142 138907 200879
Valentine 65361 122139 180160
Hiram 77383 121863 200335
Herman 78870 128755 202921
Regan 71970 138371 184347
Jerry 63230 130843 188188
Ainsley 69275 129727 187513
Keith 77654 133612 212543
Savannah 66502 137773 180323
Geraldine 67835 121953 197752
Abel 60972 129971 183176
Bradley 69926 127617 190752
Reese 70376 137625 209959
Kitra 64972 131979 209515
Lydia 73309 136302 184488
Curran 74673 125411 219572
Cassidy 75087 138517 217152
Yeo 69143 133544 188982
Wanda 73279 124834 195698
Rama 74746 131428 191313
Julian 76646 138748 199075
Joan 77598 126492 190037
Declan 75239 126715 198144
Orson 71952 125574 190264
Yuli 75743 131033 201492
Ann 66355 137129 219757
Laura 73452 133393 196759
