Candace 72822 127381 216144
Brynne 75246 126139 199854
Neil 61634 138333 180861
Nathan 63225 132648 192978
Candice 62117 123297 193208
Sean 75812 125217 218670
Hiram 60312 122716 205670
Farrah 72770 136926 211889
Thomas 65353 127641 180616
Zenia 60228 122398 190155
Colt 76935 123675 208217
Christopher 61418 130629 210460
Hasad 67020 132218 208433
Nolan 67394 133216 189378
Jessamine 75615 138766 214471
Sigourney 63837 127932 211789
Evangeline 73757 132602 214391
Nerea 67634 128383 189368
Brady 67923 133401 213117
Ralph 62512 125291 210188
Jarrod 64890 122036 181274
Lydia 72646 128869 197511
Omar 77020 138295 191174
Dieter 78156 125233 192393
Cooper 62758 136537 213756
Clementine 66658 128137 181695
Amir 73985 124143 215009
Colton 77993 122789 199629
Pearl 62279 132593 199593
Lars 63147 137072 204258
Kane 73820 130437 212111
Lareina 64374 131613 199816
Pascale 70224 130482 190446
Forrest 78531 131636 184389
Kelsie 79306 137995 187536
Xander 79021 129865 205377
Stacy 60185 136106 206117
Tatyana 72455 123466 207363
Sydnee 78309 134429 210846
Beverly 68000 134130 195617
Demetrius 66717 128103 204921
Darrel 76751 122492 201610
Joseph 77656 126431 203596
Alexa 77510 137643 204460
Sigourney 60440 130406 219224
Isabelle 67152 121411 215474
Iris 75393 124057 186642
Kevin 75108 129240 194996
Matthew 65486 124532 183138
Otto 75537 130625 189920
Phillip 64089 136911 207222
Yardley 61551 124787 182883
Quinn 76572 125914 186367
Brent 74568 121850 193978
Ocean 72768 136975 199409
Odysseus 72868 138230 211767
Imelda 66869 134902 185892
Kenyon 78486 126174 186400
Madaline 62353 128505 199898
Ashton 67672 133847 181581
Kyle 69550 122801 201782
Melyssa 76816 126996 218226
Thor 79856 128785 180704
Macaulay 69185 125154 215445
Garth 74487 137196 215700
Brennan 62056 135088 189875
Karina 62390 124358 186044
Fulton 68378 136052 199941
Stewart 69047 131263 210352
Jolene 74897 133118 219776
Lunea 69453 132049 211684
Breanna 63950 128342 188088
Jeremy 60620 135169 191961
Kibo 63982 121962 210826
