Megan 72160 132980 197253
Dylan 72418 122247 205882
Renee 68784 128044 206098
Gemma 68332 129530 215163
Moses 68174 131073 203279
Amanda 79638 125889 219623
Daphne 71576 133176 216118
Lester 62246 137931 185779
Imelda 68762 128724 180778
Bruce 63187 124082 195849
Kennan 69860 127003 213376
Jeremy 66023 138490 213145
Devin 68596 125275 219031
Kirsten 60090 138099 203436
Arthur 61619 126119 200547
Vincent 64992 138442 215570
Zia 77572 134545 218440
Kelsie 74684 139133 182372
Larissa 60261 125409 219917
Florence 62888 126424 200144
Dennis 64144 135665 210967
Aileen 61049 133199 209624
Oprah 66321 124971 192338
Halla 73281 128962 202516
Melissa 74509 134463 182720
Portia 68824 123581 197532
Hasad 70272 129638 208764
Karen 68712 128114 214276
Simone 73033 120206 190609
Delilah 76282 137432 180993
Carter 62737 122685 189709
Freya 70379 138461 194491
Bruno 72138 137382 217593
Thor 73361 128598 209991
Valentine 74936 131260 198465
Zachary 73426 124610 217560
Thaddeus 77203 127446 201527
Sierra 64716 129892 192213
Hiram 78720 128854 190663
Maryam 62480 139546 212301
Keefe 73471 134243 209232
Duncan 66943 136431 212302
Marshall 77369 135197 215466
Jada 78355 132129 181493
Dane 70238 139479 180604
Kylee 71211 138972 212220
Emerald 63019 137516 217275
Norman 75969 137589 181394
Thane 71382 135212 193865
Louis 65565 131805 211300
Lance 77724 124037 190903
Keane 71712 130296 193253
Ralph 64521 130903 200817
Diana 70923 130580 219338
Wang 74344 128336 186707
Henry 66854 128855 205463
Tasha 79159 134798 214308
Andrew 73616 139630 184888
Vernon 64194 130725 215567
Jamal 79803 123519 199615
Dustin 72537 128315 184935
Rooney 74080 126904 206500
Calista 66941 133876 182403
Nicholas 79738 128281 197002
Mona 66488 121367 200100
Summer 63584 123557 203936
Harriet 76019 133498 184304
Graiden 65989 139994 211808
Joseph 70406 123547 202716
Jameson 76196 135223 219953
Penelope 68987 138450 206850
Zoe 67792 123243 206345
Shelley 68631 126111 180640
Kieran 67452 123300 212188
Branden 74144 127774 218339
Janna 73612 122673 217123
Dai 67086 127208 180738
Quintessa 66051 122923 187649
Astra 61288 137488 201328
Ivana 70305 132101 191628
