25
21 25
5 0
0000000000000000000000000
0000000000000000000000000
0000000000000000000000000
0000000000000000000000000
1111111000000000000000000
0000001000000000000000000
0000001000000000000000000
0000001000000000000000000
0000001001111111111110000
0000001111000000000010000
0000000000000000000010000
0000000000000000000010000
0000000000000000000010000
0000000000011111100010000
0000000000010000100010000
0000000000010000100010000
0000000000010000100010000
0000000000010000111110000
0000000000010000000000000
0000000000010000000000000
0000000000011111111111111
0000000000000000000000000
0000000000000000000000000
0000000000000000000000000
0000000000000000000000000
