1427
812
2867
2988
4832
2898
1834
3366
1230
2548
4682
3628
2960
4551
826
4151
1347
1351
794
830
2587
1392
1985
554
4434
347
1303
602
1148
3021
3724
3490
1514
4190
252
1043
2523
156
1972
118
2700
2119
47
3824
4575
2545
4106
799
1842
2178
319
3799
545
4424
1780
4062
3536
4004
3966
187
4106
2127
1928
3862
2360
1444
325
1416
3719
4812
674
4057
4011
452
732
4402
499
4973
902
755
4855
2110
1454
106
2876
3771
4454
3335
4455
3791
2581
1157
4373
1972
749
2131
3399
4829
1223
349
1943
3003
2101
2901
609
2018
4801
1313
2706
1699
3386
4188
3330
4769
2646
3202
3188
1733
3237
716
1524
2798
4955
3713
3029
630
1596
2389
2441
3029
846
325
4727
122
2566
208
4572
3196
325
227
4048
438
4261
478
3669
243
1412
4
1612
2862
1370
1446
3870
435
1701
25
1912
4403
4558
1348
1762
617
2410
3560
1234
529
1288
3017
966
2959
3064
1218
1962
758
475
3493
4951
3434
3398
3659
817
2660
1837
44
48
2776
4384
2432
1932
4943
3270
3864
2759
4317
4246
3190
2125
3399
362
1948
2458
3525
362
3913
4160
3163
110
2230
4812
3386
2153
2483
4293
3800
220
1881
102
685
3136
675
2149
4005
2721
2826
2370
1765
1719
3153
4804
4581
663
2960
3631
2738
1687
3336
4907
4596
65
1192
1530
1238
2204
760
157
2104
93
3786
4069
890
322
1431
4034
4957
1225
3359
387
3553
2651
4026
4088
2494
114
4697
1857
229
2800
1333
298
3251
2024
582
2941
948
3962
4988
3043
2480
2676
2120
2010
4319
1726
4384
4026
2511
175
1900
2414
4004
4355
78
2887
2426
960
2131
3629
1632
1013
2793
354
3263
4319
4736
21
2856
1751
2899
595
4632
1954
4186
4983
4189
389
375
3268
1844
2405
360
1207
4258
4723
143
3149
681
3670
3177
730
177
3473
1860
53
3834
905
29
2672
993
1550
3113
2861
3670
1501
4848
2972
1658
4139
361
4901
650
1454
3823
2860
2801
3090
2866
4848
3384
3913
1320
3918
1772
1075
555
1146
3660
3501
3446
4813
375
3872
3714
3159
2913
3191
594
1205
3762
226
3463
872
3383
84
731
2080
3820
2047
1414
4781
1414
4518
4488
971
688
3531
1
2582
1433
1733
3623
2688
306
1004
4950
926
2506
76
4414
236
846
229
3107
3274
906
1342
1592
1613
3361
4583
4332
663
1507
4341
3764
3067
1748
13
691
1039
3705
2095
3213
4554
3734
4324
4206
1062
3567
1254
883
2770
1693
2690
1654
2514
1057
2860
3437
1853
1369
1939
4494
1975
821
1037
3086
4296
1576
2170
1496
3461
1812
2706
4871
1104
3969
1054
4431
1958
3863
4025
171
4456
4283
1563
2997
1416
932
192
2866
2535
385
1261
1530
2630
4855
2405
52
3438
3816
2017
18
2149
4862
1899
4397
4136
135
4873
4203
3009
