555
1833
2025
4655
3738
462
988
546
4018
4187
4337
2468
2512
4583
1716
1957
4124
1258
3544
791
778
1737
2994
2
2288
490
2716
4303
2020
2273
977
2489
4680
71
1034
2569
752
174
2499
2541
1467
4598
0
1700
2459
75
4189
3979
2901
2120
1270
1485
735
3153
3924
4530
4053
677
222
3962
2664
3266
4330
1726
3295
1979
2878
3524
2641
846
4237
1515
3897
3738
1492
4443
4057
533
476
3738
2346
2045
1050
33
1388
1948
2693
4023
4803
3782
2163
2541
3855
387
1109
3555
3790
1698
4654
3553
4898
2827
1399
1513
1319
2860
2879
4552
4980
254
3481
4000
402
3361
4810
2572
2835
1557
4684
2271
3265
4833
1531
4093
2706
1321
239
2588
4619
2976
4359
2595
700
4156
1363
1043
3718
179
3322
3047
3497
2555
4176
392
3693
256
1673
2297
3832
1691
4974
2523
4350
1419
4434
3680
3518
4235
2328
4295
4498
4156
386
4856
2919
1955
2646
4750
3922
3019
4009
1165
4153
3030
2358
4366
2825
654
317
928
983
2073
392
1046
4946
3892
2646
3307
1220
485
3698
4443
971
3558
4855
4954
4000
1123
1763
289
4098
3960
4291
3307
3033
1819
2472
3415
1505
1784
1515
4918
1133
1832
2796
4554
361
1341
3985
4405
1132
3839
1529
1511
3590
923
1392
235
4647
2535
528
495
3941
2641
4064
1142
4440
4934
2684
4347
3374
4178
1849
1404
3346
406
181
4870
1432
4434
4823
3112
1858
315
3379
1685
1294
345
1718
406
4263
2959
1746
636
2428
4738
1919
4630
2051
3327
4910
1556
3458
3070
1442
1871
4298
3079
1753
824
3602
2774
4422
4354
3027
800
102
4347
3933
2459
2553
4788
3264
4251
3989
3754
4792
1225
3148
985
1709
240
2158
1692
1231
1045
2134
4184
3896
2593
3702
3106
4419
2508
3352
4050
4888
4382
2183
1715
1469
702
826
765
3509
2723
1395
828
684
3476
4923
3347
3907
4289
209
767
1815
4663
1101
4084
2400
1967
4862
4508
1653
1282
4694
1680
3760
247
3434
3643
4270
766
1747
3522
2236
3501
2895
2834
2700
1318
3711
4693
4762
3951
1044
1075
582
3358
2998
3682
