10 45
10 44
10 43
10 42
10 41
10 40
10 39
10 38
10 37
10 36
10 35
10 34
10 33
10 32
10 31
10 30
10 29
10 28
10 27
10 26
10 25
10 24
10 23
10 22
10 21
10 20
10 19
10 18
11 18
12 18
13 18
14 18
15 18
16 18
17 18
18 18
19 18
20 18
20 19
20 20
20 21
20 22
20 23
20 24
20 25
20 26
20 27
20 28
20 29
20 30
20 31
20 32
20 33
19 33
18 33
17 33
16 33
15 33
14 33
14 32
14 31
15 31
16 31
17 31
17 30
17 29
17 28
17 27
17 26
17 25
17 24
16 24
15 24
14 24
13 24
12 24
12 25
12 26
12 27
12 28
12 29
12 30
12 31
12 32
12 33
12 34
12 35
12 36
12 37
12 38
12 39
12 40
13 40
14 40
15 40
16 40
17 40
18 40
19 40
20 40
21 40
22 40
23 40
24 40
25 40
26 40
27 40
28 40
29 40
30 40
31 40
32 40
33 40
34 40
35 40
36 40
37 40
37 39
37 38
37 37
37 36
37 35
37 34
37 33
37 32
37 31
37 30
37 29
37 28
37 27
37 26
36 26
35 26
34 26
33 26
33 27
33 28
33 29
33 30
33 31
33 32
33 33
32 33
31 33
30 33
29 33
28 33
27 33
27 32
27 31
28 31
28 30
28 29
28 28
28 27
28 26
28 25
28 24
28 23
28 22
28 21
28 20
28 19
28 18
28 17
28 16
28 15
28 14
28 13
28 12
28 11
28 10
27 10
26 10
25 10
24 10
23 10
22 10
21 10
20 10
19 10
18 10
17 10
16 10
16 9
16 8
16 7
16 6
15 6
14 6
13 6
12 6
11 6
10 6
9 6
8 6
7 6
6 6
6 7
6 8
6 9
6 10
6 11
6 12
6 13
6 14
6 15
6 16
6 17
6 18
6 19
5 19
4 19
3 19
2 19
1 19
1 18
1 17
1 16
1 15
1 14
1 13
2 13
3 13
4 13
4 12
4 11
4 10
4 9
4 8
4 7
4 6
4 5
3 5
2 5
1 5
1 4
1 3
1 2
1 1
