25
21 25
5 1
0000000000000000100000000
0111111111110000100000000
0100000000001000111110000
0100000000001000000010000
1111111000001111111100000
0000001000001000000000000
0000001000001111000000000
0001111000000000000000000
0001001001111111111110000
0001001111000001000010000
0001000000000001000010000
0001000011111111000010000
0001000000000000000010000
0001000100011111100010000
0001000100010000100010000
0001000100010000100010000
0001000100010000100010000
0001000100010000111110000
0001111100010000000000000
0000001000010000000000000
0000001000011111111111111
0000001000000000000000000
0000001111111111110000000
0000001000000000000000000
0000001000000000000000000

