0.006
0.012
0.002
0.003
0.004
0.001
0.014
0.006
0.004
0.016
0.000
0.010
0.012
0.016
0.006
0.007
0.003
0.006
0.016
0.017
0.010
0.009
0.011
0.003
0.014
0.007
0.012
0.000
0.015
0.007
0.008
0.004
0.003
0.004
0.001
0.008
0.012
0.014
0.009
0.011
0.001
0.001
0.005
0.005
0.000
0.004
0.009
0.006
0.013
0.006
0.002
0.003
0.013
0.009
0.014
0.008
0.000
0.003
0.007
0.004
0.010
0.006
0.005
0.011
0.001
0.008
0.006
0.015
0.010
0.004
0.012
0.001
0.005
0.016
0.013
0.011
0.016
0.007
0.005
0.012
0.014
0.003
0.002
0.009
0.016
0.002
0.015
0.005
0.014
0.015
0.010
0.007
0.003
0.004
0.012
0.000
0.008
0.016
0.000
0.000
0.004
0.010
0.015
0.017
0.006
0.016
0.015
0.011
0.001
0.007
0.006
0.011
0.008
0.004
0.001
0.010
0.012
0.002
0.004
0.015
0.008
0.007
0.013
0.007
0.012
0.010
0.004
