30 29 11
7
11 14 27 12 23 5 20
225
26 15
18 30
20 7
5 17
13 24
12 9
27 24
11 4
18 30
9 28
17 15
22 27
28 2
2 11
27 1
17 9
24 4
17 25
11 15
23 9
12 4
22 11
11 19
12 21
11 25
6 30
8 26
30 8
26 12
10 2
19 4
3 16
30 15
7 17
23 8
29 9
19 8
28 24
14 9
24 23
17 3
29 11
3 6
28 15
4 20
24 21
8 28
28 24
25 7
14 22
11 27
23 6
22 9
1 8
25 24
12 20
19 9
16 3
10 20
29 15
17 19
30 3
13 14
2 28
1 28
1 30
4 25
27 28
15 28
2 4
27 7
12 22
28 26
26 16
22 7
13 7
23 7
9 16
16 21
1 2
30 5
28 19
7 13
19 9
3 13
13 11
12 18
15 6
25 27
20 11
19 12
21 14
13 7
13 23
14 9
1 8
16 21
4 12
8 16
27 10
14 18
28 4
11 5
4 3
21 11
18 8
24 10
9 2
11 2
4 22
11 8
20 23
29 17
25 24
5 25
18 1
13 10
10 17
10 11
4 14
13 2
13 18
14 17
13 7
28 10
16 17
29 25
22 8
2 12
22 24
17 27
2 3
12 10
3 17
14 25
25 13
1 6
3 19
7 28
12 19
23 2
23 12
10 8
9 12
26 8
3 22
1 28
15 1
13 29
16 26
6 23
27 21
23 28
10 27
29 17
26 14
24 21
20 12
11 8
1 7
16 5
26 24
21 16
10 19
19 11
5 22
3 20
9 7
28 1
10 7
21 24
15 14
30 6
23 16
23 19
13 6
17 3
9 23
3 15
17 10
27 5
1 28
11 21
20 4
1 29
30 20
21 20
25 30
22 8
19 17
14 5
29 11
17 26
10 7
27 26
18 20
28 26
4 29
30 13
29 25
23 6
1 26
22 13
5 16
25 14
6 11
16 6
25 20
4 3
4 19
26 1
9 23
19 2
15 18
15 17
3 13
4 26
24 22
27 4
12 10
15 25
2 6
26 12
28 13
25 1
