46 6 11
7
16 45 39 2 5 28 26
830
38 8
26 22
22 20
38 3
35 4
40 44
3 34
9 3
22 1
23 28
3 21
27 12
4 26
25 19
38 35
37 34
46 3
6 45
46 14
10 28
34 15
1 3
20 44
39 6
9 42
43 41
43 11
38 22
28 26
12 1
41 24
1 45
46 30
32 46
37 40
27 12
31 4
22 21
20 3
40 17
23 17
32 8
22 6
8 39
6 3
23 14
22 11
22 37
17 7
3 8
28 34
19 13
30 31
45 31
10 26
12 22
5 26
16 10
40 18
14 34
26 24
43 28
1 42
24 28
2 9
18 4
10 17
37 7
39 18
13 45
45 28
2 27
30 9
43 27
46 24
42 31
29 21
43 32
33 25
6 3
36 8
30 8
35 36
4 31
31 22
19 46
22 23
14 9
11 23
15 16
5 16
2 4
8 42
25 44
35 15
29 45
35 34
6 34
9 8
3 8
19 1
45 25
45 35
41 26
33 2
40 11
36 42
27 18
24 42
17 44
24 27
12 46
2 27
31 38
16 42
1 4
5 22
16 9
36 29
3 46
4 13
23 11
44 7
8 21
4 33
1 38
28 16
37 22
39 3
19 21
35 24
4 3
35 11
31 29
38 22
23 31
10 25
32 41
18 32
37 9
34 43
12 10
18 33
26 28
15 7
36 15
36 43
32 43
33 4
14 9
44 7
34 31
17 45
23 39
4 1
44 26
26 31
35 45
22 2
20 24
17 30
35 2
23 40
30 8
12 34
3 21
13 43
27 42
1 14
8 19
41 8
5 11
41 21
11 27
46 15
32 41
46 45
25 5
38 32
28 4
3 5
20 36
16 32
36 7
44 46
27 14
44 2
18 34
15 25
29 14
22 6
38 32
8 20
5 38
5 44
28 26
30 45
42 24
10 16
3 1
29 39
2 30
13 24
29 19
17 18
40 45
39 38
46 1
11 24
8 31
25 7
14 12
33 10
23 22
41 44
38 34
43 46
36 15
35 24
30 12
10 45
40 14
38 40
46 12
24 5
4 28
7 9
38 31
23 34
18 8
11 19
40 18
5 42
42 3
32 2
42 21
29 20
38 4
33 42
31 16
9 19
12 35
42 34
45 12
14 41
25 35
19 18
10 29
40 36
43 18
3 45
40 20
18 21
41 22
12 3
23 5
39 30
13 25
15 30
31 30
10 13
2 13
25 44
44 28
12 8
11 23
44 9
45 43
31 26
43 2
4 23
15 22
42 13
24 21
33 38
23 43
43 31
21 38
21 18
15 39
9 26
16 24
2 46
22 31
27 34
32 42
16 28
36 4
9 31
45 42
34 43
30 14
40 30
19 14
45 20
38 2
27 39
11 31
4 2
36 31
32 13
36 19
34 30
26 42
10 38
21 29
30 46
20 25
13 25
1 7
46 4
15 38
1 11
43 35
45 21
7 12
10 32
5 19
2 29
31 5
22 24
30 40
2 36
3 9
5 13
26 2
5 7
3 41
46 21
18 32
15 8
11 37
5 13
11 26
44 3
35 24
37 16
8 6
17 29
3 18
27 8
24 21
40 33
23 34
37 26
21 23
26 19
30 40
4 18
17 16
14 32
34 35
37 39
20 13
35 42
19 20
10 43
26 31
13 38
38 8
27 8
13 8
22 28
9 45
10 20
6 3
5 3
42 44
4 15
10 11
37 38
20 17
24 15
10 26
31 5
6 2
36 21
14 42
17 7
6 22
35 33
37 44
1 17
16 23
11 43
30 16
26 12
10 41
21 1
12 37
46 25
40 33
18 4
5 11
36 28
44 33
20 15
25 38
7 25
40 2
3 37
19 15
28 41
4 40
35 38
20 41
42 34
1 24
15 35
3 1
27 31
24 25
3 31
20 27
13 38
23 44
8 28
20 17
30 4
32 33
2 46
40 29
32 33
36 1
30 22
40 7
7 33
22 21
44 43
34 28
34 29
16 46
16 43
20 15
5 32
21 11
35 7
39 24
8 5
32 46
15 35
24 40
34 14
7 2
43 29
16 25
15 9
19 4
8 32
20 18
44 9
43 20
16 25
38 42
13 34
43 6
11 8
31 36
10 22
28 44
20 4
18 4
6 30
1 11
4 36
38 8
35 29
40 33
46 32
22 13
4 27
45 36
40 23
32 21
32 12
43 32
30 25
2 44
40 2
46 20
19 42
26 20
29 7
39 45
18 45
44 31
29 38
46 32
30 18
38 33
3 36
26 44
33 37
8 25
26 44
7 3
36 34
16 36
21 27
16 43
3 33
35 24
27 10
40 11
46 21
36 28
26 31
13 22
45 3
16 31
17 4
12 10
26 22
32 45
25 19
41 15
29 37
4 30
34 31
23 38
15 10
1 40
12 26
28 21
39 33
14 36
20 7
15 12
41 9
24 33
44 25
40 10
39 6
26 12
29 14
25 42
1 9
15 43
45 10
37 20
24 38
18 24
12 7
37 29
12 41
27 18
10 45
38 35
27 17
3 25
31 7
17 6
36 18
15 31
10 15
11 34
38 17
37 17
6 30
38 16
21 46
20 9
41 14
38 30
6 10
43 3
46 32
41 14
16 5
7 16
16 26
21 39
39 5
39 22
28 35
8 6
38 43
11 20
6 8
41 34
34 1
29 32
15 14
36 21
11 37
9 15
39 46
27 14
38 31
4 46
38 43
34 35
14 7
38 25
19 1
17 24
31 10
19 18
12 7
46 43
13 46
15 12
17 34
40 6
26 23
25 23
32 41
25 3
12 4
30 10
2 34
28 22
16 2
2 1
31 33
30 36
41 33
42 1
1 14
7 20
14 7
42 16
27 23
45 13
32 34
27 24
24 4
46 7
28 24
31 11
13 9
34 13
43 7
40 31
25 16
15 13
11 24
17 33
6 29
16 13
24 11
35 7
18 15
6 26
23 43
1 4
28 15
29 12
45 26
30 3
11 4
46 37
37 35
44 7
11 2
7 20
42 37
21 38
36 38
33 38
32 27
12 8
31 2
35 26
2 29
24 43
24 17
28 14
16 46
44 5
17 9
9 38
40 41
39 27
30 1
42 2
46 5
25 41
3 12
23 20
31 32
6 28
35 22
6 22
18 13
43 24
2 23
35 46
1 15
23 22
32 1
25 13
2 4
36 30
39 45
35 24
45 35
28 44
28 17
2 18
6 14
41 42
7 13
26 45
19 11
34 14
2 23
32 6
31 41
46 15
3 4
20 14
20 3
37 18
24 42
17 4
30 27
5 2
41 46
39 37
36 40
44 30
20 21
3 43
35 20
17 31
21 17
4 3
37 3
22 30
24 31
1 31
36 31
26 8
8 43
12 32
34 32
46 30
16 46
42 31
19 35
29 37
46 45
11 26
25 34
11 7
9 40
22 24
15 38
28 18
45 23
21 46
3 28
21 22
38 25
20 15
20 30
21 3
44 7
24 13
6 30
35 20
17 23
26 21
10 22
23 20
31 34
6 9
2 32
45 40
29 17
15 19
21 5
29 3
3 29
29 4
42 43
5 24
27 40
27 26
21 35
36 26
7 25
18 7
36 2
32 24
35 4
2 42
19 7
30 34
27 26
43 24
17 29
8 31
40 8
25 32
32 38
13 42
32 14
44 6
13 26
27 36
38 7
31 23
8 44
6 13
31 43
1 45
31 45
8 40
39 17
9 5
31 44
14 26
32 10
18 42
27 41
17 6
27 28
10 22
23 11
7 20
33 21
30 28
18 21
21 22
1 30
2 4
43 38
40 13
