16 9 14
8
3 5 10 4 7 16 2 6
110
12 14
12 8
9 6
1 7
7 4
9 15
6 9
15 14
1 16
16 6
15 10
9 1
14 9
9 1
15 1
9 10
4 6
5 15
12 16
6 11
10 6
11 3
15 7
12 4
15 7
13 14
8 5
3 12
6 8
15 14
9 7
14 11
7 6
1 10
15 14
8 6
16 2
7 6
13 16
5 11
15 3
2 14
4 16
11 15
6 7
4 16
7 9
16 3
13 11
15 3
11 5
2 16
8 16
7 10
4 13
16 9
2 6
2 10
4 15
15 11
15 1
4 13
10 16
2 15
7 2
1 14
9 1
4 8
12 10
13 12
3 9
3 9
6 11
1 13
2 14
15 7
16 5
7 16
6 15
2 16
3 16
2 14
6 7
16 7
8 9
16 10
9 7
16 8
3 11
6 9
9 3
12 10
9 12
4 6
12 2
4 7
8 10
13 14
9 11
16 10
11 7
3 10
9 14
8 16
15 13
16 14
6 10
5 6
11 5
10 5
