26 7 24
25
11 22 15 20 2 1 6 5 26 3 13 10 14 4 16 23 8 7 19 21 24 9 12 25 17
208
12 3
25 15
18 6
11 24
19 3
7 5
3 5
11 15
22 8
18 5
26 5
5 18
12 20
4 9
6 25
19 4
25 13
13 25
19 7
16 21
14 15
4 8
25 26
25 21
4 22
14 12
18 3
16 11
24 25
15 7
6 9
10 22
26 1
15 10
26 5
18 21
19 8
22 25
24 5
15 12
10 21
6 2
26 1
10 20
2 23
4 14
21 25
20 22
19 17
21 13
13 15
5 25
16 3
8 21
22 17
24 5
25 20
12 16
7 17
8 24
13 19
19 3
4 11
10 9
25 11
10 21
2 12
5 6
13 6
26 17
19 25
3 21
19 8
13 7
24 19
6 17
1 7
16 4
20 25
5 20
26 20
15 11
21 24
25 9
17 14
5 9
22 6
9 13
21 7
25 13
22 15
12 17
19 15
7 3
20 10
22 11
21 10
25 9
12 17
17 14
1 10
25 12
17 4
15 18
23 7
8 16
24 20
8 24
7 17
26 3
26 13
25 17
13 11
9 8
5 16
14 25
3 19
20 19
4 21
22 24
6 20
22 17
4 21
11 17
2 5
15 14
5 11
20 17
21 5
7 11
22 25
19 20
25 2
24 11
16 1
7 22
14 23
24 14
24 2
21 20
15 17
10 20
3 16
25 18
24 13
9 1
14 25
18 16
18 23
17 2
14 24
15 21
7 3
26 8
6 12
16 8
17 1
6 17
17 11
11 15
10 13
15 13
7 14
25 20
5 18
1 17
8 25
10 17
19 12
8 24
14 3
16 13
14 19
24 8
9 20
15 8
22 11
7 25
12 2
3 16
4 23
3 20
2 13
2 18
14 3
3 26
8 24
21 18
2 7
3 26
1 23
16 4
22 16
2 12
5 14
12 6
8 21
8 20
9 26
24 21
10 19
1 15
9 7
8 2
15 21
6 2
20 22
23 25
