28 27 15
6
21 13 16 23 15 26
137
26 8
21 11
8 13
24 12
6 17
18 17
22 3
25 13
26 17
14 9
22 21
24 21
13 3
18 5
23 2
28 10
7 14
20 28
23 3
14 12
28 3
17 6
19 28
8 21
3 5
6 21
25 15
23 7
27 26
27 13
16 25
2 3
16 12
25 5
6 27
26 28
12 22
18 12
5 19
27 20
19 18
10 1
10 12
12 3
24 20
7 13
25 4
16 7
8 1
15 23
18 24
10 2
11 4
4 23
7 23
4 13
15 14
15 2
15 28
25 20
4 13
11 15
19 24
6 8
28 17
20 7
23 18
8 13
3 10
14 19
12 21
28 8
5 20
3 26
11 8
24 7
7 8
19 4
3 10
27 24
25 1
17 14
16 14
15 11
21 27
10 7
6 23
11 21
9 28
21 23
3 24
5 7
14 4
10 28
4 25
4 12
26 12
12 27
10 1
17 8
3 24
23 27
3 4
5 6
10 26
10 16
11 12
25 17
16 13
25 2
12 22
20 1
20 28
27 25
3 20
18 14
25 27
10 22
18 16
28 23
5 9
11 4
27 28
7 28
18 24
17 10
15 23
16 6
5 24
17 6
25 6
7 4
21 24
22 5
27 16
24 15
3 12
