44 33 11
17
14 19 9 44 8 10 21 30 24 5 41 39 28 32 3 7 33
547
44 33
15 42
30 15
29 10
4 34
25 22
23 21
42 43
34 9
26 34
6 18
10 3
21 25
37 12
34 26
10 33
10 40
5 27
26 21
19 40
9 21
16 42
42 37
17 35
13 26
24 1
44 26
30 4
17 14
31 36
25 6
43 29
25 20
24 34
42 21
38 37
29 25
2 40
41 30
18 38
29 32
29 37
20 8
22 5
10 26
23 1
22 27
15 42
23 12
38 7
24 22
5 37
13 38
32 41
11 12
39 22
25 29
30 21
30 18
4 44
7 16
13 27
28 6
41 13
38 40
10 38
20 19
29 26
15 28
19 7
30 41
7 40
17 15
30 24
26 31
39 24
26 11
15 12
21 16
43 41
21 30
27 22
22 14
38 4
6 13
29 11
14 28
24 28
1 43
35 23
32 41
11 9
26 17
29 38
20 26
40 36
23 43
43 35
42 9
20 5
4 25
4 20
15 40
36 9
34 41
20 10
26 3
1 14
16 23
17 38
6 27
22 13
44 35
37 33
26 8
14 8
2 27
14 31
25 23
3 44
3 19
40 30
10 24
36 25
20 15
36 23
38 40
30 43
34 43
16 5
34 26
37 34
13 7
13 9
6 1
23 20
17 37
4 25
27 36
1 5
37 18
21 30
43 41
29 35
19 44
2 12
32 14
34 6
9 24
22 1
37 14
28 1
27 5
27 34
38 9
23 16
41 22
6 14
4 33
39 12
19 23
26 42
37 42
7 4
35 32
16 18
29 19
40 15
7 14
15 5
8 1
35 41
26 25
38 7
6 21
37 42
40 14
6 44
9 20
8 34
37 33
25 3
43 25
36 35
43 26
29 34
43 41
4 15
37 6
38 30
19 22
40 24
33 12
2 42
44 6
26 32
34 2
27 32
30 23
23 44
31 11
34 12
42 28
10 28
23 38
25 31
6 38
35 9
8 42
17 35
23 39
17 3
1 25
40 28
3 7
3 6
7 20
2 41
4 13
20 1
8 2
24 38
7 19
2 43
9 10
7 27
36 6
4 17
29 3
6 20
15 8
23 17
11 12
17 14
40 14
7 12
25 14
33 23
21 2
11 7
27 40
20 29
6 35
34 38
12 17
21 23
14 18
26 31
11 3
4 20
15 38
5 26
9 11
13 21
12 30
27 13
29 4
32 22
10 5
27 13
25 2
13 44
19 24
17 3
39 17
22 39
3 2
31 34
30 3
23 19
33 8
28 9
42 14
37 32
29 42
26 4
17 42
1 3
16 6
5 35
27 31
26 35
34 37
17 28
9 17
3 17
37 30
3 13
29 28
12 3
12 2
44 28
42 27
15 20
41 34
14 22
35 1
18 7
34 30
20 8
17 24
22 9
29 9
8 11
29 43
5 6
38 41
28 9
26 19
19 26
31 5
4 29
37 8
34 13
37 15
21 37
9 1
7 4
26 23
1 44
8 30
40 26
41 25
33 13
20 8
1 20
24 10
28 30
30 13
4 35
29 4
11 10
34 7
16 41
34 19
26 13
1 16
35 31
1 8
24 2
38 10
31 34
9 15
32 44
43 4
36 11
7 38
25 21
26 42
4 2
13 44
43 37
2 36
42 18
35 17
8 14
29 3
7 2
24 12
35 1
27 25
2 17
35 27
3 8
5 31
43 19
39 27
29 35
27 6
28 37
35 33
26 10
3 16
15 44
17 43
3 22
29 43
8 3
21 11
3 2
5 21
15 42
32 20
34 36
8 14
25 7
16 20
43 36
8 44
1 7
44 10
22 13
24 30
42 18
16 34
25 35
17 6
3 12
22 15
14 31
4 37
42 5
31 29
19 40
17 14
22 37
6 18
39 14
41 12
9 14
15 28
27 21
16 6
2 25
8 22
23 21
44 7
16 24
26 3
32 27
30 21
3 43
34 17
1 44
17 27
31 13
10 30
9 22
34 25
44 36
19 2
13 3
12 1
34 31
8 22
6 4
18 35
16 42
31 13
20 2
9 7
10 44
1 12
34 4
34 30
34 18
43 2
32 30
42 44
5 36
42 40
18 8
33 19
1 22
42 32
27 17
36 1
23 8
43 22
5 43
34 29
25 11
31 23
32 25
39 18
19 24
6 24
26 41
44 24
25 30
14 42
22 40
15 31
38 5
16 4
25 12
28 3
32 7
7 39
13 25
28 43
38 39
43 5
27 12
20 21
43 6
42 44
38 12
13 3
5 24
19 6
21 27
2 26
30 3
28 44
15 1
25 12
23 34
17 22
24 5
43 3
35 16
24 25
27 39
22 10
8 11
38 42
7 8
15 24
37 7
29 2
15 13
17 8
14 8
7 30
26 2
2 42
3 13
15 21
20 2
29 25
40 42
2 42
42 40
38 26
25 43
23 29
27 14
28 38
38 11
26 6
3 7
41 44
32 17
12 27
20 15
2 40
13 8
43 3
7 13
3 17
35 24
33 23
6 20
28 8
9 38
40 33
