40 31 8
4
8 15 22 19
433
15 11
39 6
7 20
39 6
37 36
15 34
6 1
40 37
29 17
16 2
4 13
33 17
29 11
8 19
5 6
26 2
39 22
39 21
33 27
2 12
14 39
2 15
15 36
22 25
15 39
24 4
23 3
11 24
1 35
16 23
34 19
24 11
6 33
16 18
16 10
2 27
28 27
35 12
18 13
9 7
27 15
18 20
19 28
5 16
22 1
29 34
27 22
36 10
32 15
29 28
24 37
21 17
29 35
31 2
13 37
14 4
10 5
10 26
2 23
25 16
8 10
7 19
13 5
23 32
8 34
40 24
8 38
28 19
37 11
21 18
28 6
29 9
14 26
10 31
35 30
32 26
38 10
2 15
9 38
1 30
36 19
26 8
22 5
2 21
3 40
23 11
25 34
6 24
31 15
25 10
24 1
15 7
36 2
15 36
14 12
12 39
37 1
5 37
4 35
20 10
10 7
24 18
8 40
15 4
22 30
35 2
30 23
8 18
6 32
40 5
22 26
28 26
15 13
20 19
23 33
33 28
14 20
19 32
34 26
33 15
34 17
29 8
22 26
38 14
31 18
24 32
10 34
37 4
31 14
7 22
14 23
16 7
5 8
9 16
31 19
18 10
14 7
28 14
36 16
34 30
6 18
37 9
32 24
39 11
2 25
29 27
40 1
22 14
22 32
33 8
32 5
27 22
5 12
21 2
3 6
32 25
16 9
18 19
11 40
2 30
26 38
7 19
17 34
31 15
9 18
30 3
7 25
9 26
2 25
4 8
17 3
4 17
36 26
4 40
11 26
30 32
8 17
26 24
33 20
14 39
18 21
3 7
9 27
5 18
16 5
4 37
8 25
8 28
31 22
21 40
38 15
11 38
6 27
8 40
14 22
2 23
11 24
29 27
17 10
12 37
22 39
21 5
10 33
17 28
21 30
28 24
5 20
5 8
17 40
32 19
35 8
37 15
12 13
12 14
11 13
24 16
34 21
32 21
16 18
39 2
15 40
29 39
34 17
6 39
8 13
33 20
35 36
8 25
20 3
27 7
25 17
20 11
3 11
8 2
10 30
3 13
40 20
29 31
10 5
13 35
25 29
36 12
3 39
29 1
25 26
6 2
5 18
14 32
28 17
7 19
40 16
18 6
25 4
19 31
40 25
24 36
18 19
6 26
1 26
5 40
5 13
10 26
16 37
33 10
31 10
2 21
33 15
15 37
14 34
38 22
16 30
32 9
26 9
5 27
27 3
28 39
14 6
2 6
1 4
35 36
16 14
1 37
20 13
38 27
19 3
1 26
14 5
19 35
32 15
20 11
14 31
21 2
8 7
36 18
18 19
10 20
8 17
29 23
7 10
7 27
24 25
19 20
22 28
8 12
2 36
1 25
31 27
31 9
15 29
3 28
22 30
35 1
16 23
11 33
24 29
18 23
32 33
9 37
34 1
6 26
35 33
39 28
12 13
26 29
15 22
29 15
10 35
20 39
5 18
25 18
7 30
28 35
1 18
37 4
6 14
39 26
6 25
12 5
4 21
31 13
8 29
3 35
18 24
25 33
36 39
13 32
15 29
25 39
26 2
9 5
35 4
10 18
25 37
23 7
12 40
28 19
7 14
26 21
36 32
31 36
21 14
7 33
37 26
6 33
35 7
1 14
17 13
9 6
18 13
5 6
38 11
14 15
28 6
25 38
11 1
40 9
14 18
7 26
4 29
39 37
24 19
27 24
24 38
25 28
34 21
11 17
36 32
25 18
8 26
29 16
29 21
25 14
21 37
12 11
26 4
7 32
29 16
12 37
21 13
35 36
37 2
27 13
17 16
33 4
12 22
38 37
29 33
34 16
39 32
31 1
7 32
36 29
6 11
37 29
38 35
3 23
7 3
35 37
2 13
8 1
29 9
17 2
18 28
23 31
33 14
11 17
17 31
35 22
16 4
13 16
37 14
16 11
32 26
