38 12 14
16
30 13 28 38 15 4 9 5 11 36 35 24 34 6 10 14
485
19 29
18 28
22 11
30 28
10 20
16 13
21 7
18 26
17 16
28 22
11 12
32 21
32 35
32 35
4 8
29 20
5 11
17 33
35 1
3 35
37 23
28 20
5 1
28 1
32 26
4 1
28 22
21 28
34 7
29 3
20 5
38 22
17 8
4 29
3 2
16 29
13 35
37 16
23 9
16 29
31 2
21 14
9 35
19 35
19 26
16 6
32 38
14 23
19 11
13 34
19 18
29 35
28 37
9 31
20 36
21 32
13 30
34 4
8 24
36 5
16 33
10 25
23 37
31 3
28 15
13 26
19 14
13 7
20 12
17 3
19 23
16 13
38 16
10 28
14 17
11 3
26 20
27 37
35 15
23 22
37 1
35 30
8 19
32 20
17 4
7 2
33 36
31 17
32 38
6 38
8 23
21 17
20 9
29 24
38 32
26 23
12 22
9 8
27 33
12 27
32 20
36 14
21 25
26 5
17 38
23 25
3 26
12 36
24 28
6 10
38 2
25 36
36 15
18 12
18 33
13 27
36 6
23 9
38 6
33 27
23 28
35 4
1 35
12 29
23 21
36 1
8 10
8 27
16 36
31 26
10 9
32 20
38 4
22 24
37 35
23 8
22 12
26 2
10 2
35 4
33 23
8 7
18 9
24 20
34 23
30 31
28 2
27 34
26 21
7 22
3 16
1 15
21 23
36 32
11 23
24 28
20 36
26 1
1 17
15 14
10 14
24 14
38 13
8 5
3 29
38 11
19 18
10 9
38 17
36 11
12 21
31 38
37 28
3 38
3 17
2 32
5 30
20 5
16 29
19 35
32 27
29 31
8 13
11 7
23 8
9 7
5 9
37 26
24 33
34 20
25 31
22 5
5 22
31 21
38 22
25 28
27 7
19 9
2 33
9 25
26 29
9 29
17 24
2 27
11 34
4 3
4 32
16 20
35 23
25 35
34 5
37 11
31 8
17 23
35 8
15 2
36 10
24 9
2 9
18 11
25 9
10 12
33 20
7 3
28 27
31 30
22 1
29 10
4 19
33 4
28 23
15 16
37 5
20 24
26 3
30 34
18 23
37 5
35 10
5 1
9 16
13 8
16 31
6 24
21 17
30 8
25 3
8 3
1 29
36 14
16 13
18 2
4 5
14 21
7 10
31 24
23 7
20 29
31 19
32 33
1 33
37 26
6 23
37 29
7 6
26 18
26 7
30 33
2 27
37 25
38 31
34 5
12 7
32 16
8 30
10 19
30 36
1 6
33 1
21 36
2 35
9 37
34 23
30 6
5 8
14 1
33 25
33 19
9 15
15 2
34 32
14 13
7 2
9 16
28 26
35 34
18 1
6 34
19 2
13 5
23 2
35 15
36 26
5 28
16 20
18 16
34 10
16 33
21 10
22 3
7 11
38 25
23 25
36 14
11 3
12 18
8 25
35 23
16 17
9 19
1 14
20 16
27 14
13 30
1 33
17 16
8 36
22 38
24 2
18 23
9 32
37 22
22 7
32 14
25 8
9 5
16 30
24 28
19 15
33 6
14 36
24 7
26 27
3 29
27 28
31 17
35 9
29 5
29 31
28 18
6 23
1 8
15 9
38 1
36 2
11 3
26 29
26 9
7 27
17 10
37 14
35 1
30 16
26 35
15 20
18 30
13 12
37 27
32 18
5 10
1 25
37 19
22 37
11 17
20 35
7 13
21 24
4 16
16 35
25 1
2 4
12 2
21 11
16 9
15 28
11 21
29 13
14 25
36 34
3 11
30 29
6 25
27 25
23 32
33 30
23 18
27 31
9 5
28 20
13 38
10 18
6 30
12 36
38 5
1 5
29 12
30 14
16 30
5 25
13 11
15 6
37 10
23 31
9 2
38 18
10 29
15 27
38 19
37 4
21 36
25 11
16 3
35 14
19 15
35 34
8 17
11 36
23 35
33 22
35 34
15 27
20 18
22 34
24 11
8 38
22 27
28 26
1 17
16 19
23 36
15 1
26 22
17 34
27 35
38 16
14 5
25 6
10 15
4 1
16 38
34 36
26 34
24 10
25 33
12 4
2 30
26 36
23 8
6 29
13 26
17 13
17 8
31 18
15 17
5 16
33 26
11 18
36 38
26 17
27 14
30 17
36 6
21 17
28 2
10 17
1 11
10 29
17 22
23 31
21 31
23 11
11 33
37 13
4 9
9 29
