46 4 2
9
19 6 30 8 44 4 28 21 41
167
29 5
44 39
38 14
6 43
28 34
15 40
3 5
6 8
19 20
26 24
15 24
34 11
39 6
4 42
3 33
28 16
27 2
42 16
10 32
11 15
2 34
1 34
25 12
32 4
31 21
33 37
37 4
13 3
43 22
10 28
40 3
20 14
37 8
42 14
2 14
13 23
37 2
7 24
21 17
23 2
13 35
22 6
40 2
28 27
43 26
31 7
12 23
28 16
26 12
22 24
18 1
27 30
27 8
25 10
22 21
3 16
40 2
46 41
39 26
7 11
8 3
8 18
23 8
16 13
8 33
18 40
40 26
12 37
23 35
27 39
41 3
45 40
46 14
19 31
42 29
38 42
45 43
10 29
37 44
36 43
24 14
28 39
20 44
43 3
15 26
44 10
23 44
21 16
7 31
12 13
18 14
2 5
46 39
34 44
28 38
5 42
15 17
36 18
23 7
18 8
27 17
17 39
27 30
13 42
1 29
14 22
46 3
9 26
33 26
36 41
6 3
25 43
32 19
18 11
46 17
27 42
12 13
46 31
43 28
8 11
28 29
18 35
20 11
10 43
9 7
6 35
13 43
41 17
5 19
12 10
30 19
27 38
2 3
45 44
6 11
6 13
23 7
38 26
4 36
24 3
26 37
34 3
31 38
43 8
22 43
42 34
9 35
11 7
14 28
28 40
1 46
9 39
34 5
44 35
14 21
33 12
14 26
45 23
16 36
40 22
31 3
32 37
2 20
19 1
44 38
18 25
26 10
