33 3 20
23
12 14 21 8 2 25 20 28 32 5 33 7 17 26 3 24 11 27 16 29 15 22 10
154
26 18
10 2
22 1
31 7
13 29
6 33
15 11
5 14
31 20
3 16
25 4
4 14
14 2
23 3
27 17
32 12
14 7
27 3
3 6
2 16
17 20
33 10
27 24
28 11
22 14
4 18
8 30
31 16
15 27
19 18
25 24
22 5
10 27
6 9
7 22
18 20
22 21
6 8
31 3
1 5
15 16
6 14
16 5
11 24
15 1
19 17
30 20
1 6
30 18
32 27
19 22
12 1
31 19
24 2
8 18
14 6
3 6
23 20
4 6
30 7
26 32
31 1
16 23
9 24
12 29
2 28
26 15
1 6
9 17
16 20
22 28
28 27
10 5
19 30
1 24
31 19
24 15
33 32
20 7
19 18
10 3
17 28
11 20
22 20
18 10
7 24
28 8
2 30
30 27
7 29
17 28
17 22
11 18
2 25
6 18
30 5
24 26
23 3
19 32
1 18
1 17
5 23
27 7
32 25
21 19
26 9
2 10
7 14
27 7
24 29
17 1
25 16
24 32
4 12
19 24
24 18
15 25
11 26
21 27
13 18
13 16
24 29
6 21
32 23
7 15
23 9
23 30
29 22
9 20
15 2
3 9
32 19
4 22
1 28
33 6
10 5
31 13
27 9
15 31
33 19
11 33
25 31
26 19
11 10
3 20
23 18
24 10
7 2
11 9
30 8
2 20
6 5
12 29
19 32
