37 3 31
15
12 15 25 37 28 20 22 3 4 34 14 8 11 13 33
515
37 13
11 23
23 1
11 23
5 11
20 12
6 30
20 26
21 32
2 34
26 14
20 17
24 28
25 35
33 23
14 19
28 7
1 31
14 8
15 11
17 28
18 11
37 12
6 15
23 29
19 6
1 24
1 24
29 3
22 29
22 19
1 21
14 29
9 18
18 1
26 1
10 5
25 33
35 25
32 15
3 18
20 19
37 31
25 27
11 20
6 16
32 11
2 21
21 7
19 33
10 12
29 34
1 22
32 37
26 17
18 1
19 16
33 30
22 14
35 33
24 16
5 32
33 7
20 24
34 10
7 24
35 10
35 36
14 25
3 33
32 27
18 32
11 7
22 8
29 4
20 24
4 16
24 22
34 30
34 33
3 31
2 13
2 32
34 25
34 35
9 16
23 20
32 23
31 17
7 18
23 34
21 6
12 15
3 19
12 21
16 31
33 31
4 32
30 32
37 15
10 35
23 35
27 15
28 3
8 26
22 11
10 2
36 27
32 24
20 6
23 34
23 13
36 9
20 34
24 3
10 21
23 2
1 31
2 34
36 35
33 2
8 22
18 7
24 29
18 28
16 12
37 18
16 35
22 27
5 9
5 37
5 31
20 30
31 12
15 7
32 3
31 23
24 28
1 27
6 10
31 23
20 12
7 6
3 21
17 3
5 7
20 17
25 31
2 27
34 29
4 25
20 11
26 8
18 2
14 22
27 3
3 18
14 37
12 13
6 26
37 2
35 10
29 6
25 36
21 3
25 33
20 5
32 14
14 24
16 5
22 2
17 30
1 11
33 20
24 13
30 3
3 35
3 21
3 21
36 20
20 32
29 12
9 8
27 33
27 20
23 16
16 17
28 29
11 22
10 15
6 31
20 2
25 31
7 14
26 25
16 20
8 19
10 2
35 16
15 5
2 23
30 35
23 8
15 18
26 21
13 31
36 23
21 19
2 32
7 18
32 16
28 27
18 35
21 11
24 22
4 22
31 23
3 33
14 15
6 7
18 11
8 25
25 15
13 20
37 9
16 19
16 24
17 34
31 28
30 11
16 18
31 6
33 9
15 25
37 10
18 7
7 18
12 5
16 25
6 12
12 9
15 23
3 11
33 2
18 36
29 37
11 29
37 32
29 3
15 14
2 9
23 10
10 8
20 21
19 17
35 25
19 15
18 25
15 7
35 19
25 27
21 20
33 23
2 36
37 17
9 37
17 27
35 16
20 28
25 20
27 9
26 2
8 19
32 33
2 24
31 28
8 6
21 13
27 24
24 1
19 5
14 30
4 11
28 22
6 9
8 37
24 18
27 23
10 2
12 13
23 11
34 25
11 34
23 2
35 6
5 36
21 26
8 16
29 24
1 29
32 2
4 35
32 3
27 17
9 22
9 24
18 6
26 31
8 24
13 12
29 7
25 4
8 15
22 6
17 15
12 35
20 29
14 5
3 29
37 16
3 20
8 23
30 34
26 30
9 18
31 26
20 22
36 1
19 5
28 36
31 35
19 10
30 8
12 28
23 34
16 8
10 31
16 25
7 29
15 32
30 4
36 35
16 4
36 9
5 28
35 26
19 22
27 1
12 20
8 18
12 30
9 11
8 35
35 7
30 17
32 37
18 4
1 17
21 3
32 30
25 10
18 24
35 33
12 11
28 29
34 14
29 30
10 32
14 15
12 4
33 34
1 16
6 34
23 24
28 32
3 15
25 24
24 6
17 22
6 37
1 4
11 21
32 19
14 30
17 31
27 12
17 21
10 26
1 2
23 10
3 12
23 4
7 24
32 9
4 15
6 7
10 28
21 33
20 25
34 29
10 22
10 31
8 21
1 16
3 12
3 25
25 23
35 13
8 24
21 10
24 11
23 33
2 37
22 15
19 27
27 7
15 13
4 22
18 33
16 22
18 1
16 32
22 24
27 19
9 24
25 34
37 10
15 6
4 2
30 34
6 35
26 6
26 23
26 5
4 32
18 21
11 20
2 21
12 18
1 21
22 33
8 25
6 14
4 17
7 37
10 4
35 26
1 8
37 32
12 8
11 16
33 30
34 28
8 22
18 8
29 6
6 26
15 17
26 37
11 14
31 32
29 14
34 32
15 17
33 2
25 19
37 34
35 18
12 25
3 14
12 34
34 22
9 30
10 2
5 4
5 27
36 22
12 13
35 4
12 18
10 34
3 19
22 2
28 5
1 12
29 17
37 22
26 8
19 27
32 27
25 18
34 31
23 10
5 29
31 24
14 30
13 14
6 5
18 16
16 25
6 27
8 29
9 14
2 21
22 36
12 21
31 22
16 25
7 5
30 16
18 26
34 37
5 6
28 18
21 31
