24 1
24 2
24 3
24 4
24 5
24 6
24 7
24 8
24 9
25 9
26 9
27 9
28 9
29 9
29 10
29 11
29 12
29 13
28 13
27 13
26 13
25 13
24 13
23 13
22 13
21 13
20 13
19 13
18 13
17 13
16 13
15 13
15 12
15 11
15 10
15 9
15 8
15 7
15 6
15 5
15 4
15 3
15 2
14 2
13 2
12 2
11 2
10 2
9 2
8 2
8 3
8 4
8 5
8 6
8 7
8 8
9 8
10 8
11 8
12 8
13 8
13 9
13 10
13 11
13 12
13 13
13 14
13 15
13 16
13 17
13 18
13 19
13 20
13 21
13 22
13 23
13 24
13 25
13 26
14 26
15 26
16 26
17 26
18 26
19 26
20 26
21 26
21 25
21 24
21 23
21 22
21 21
21 20
21 19
21 18
22 18
23 18
24 18
24 19
24 20
24 21
24 22
23 22
23 23
23 24
23 25
23 26
23 27
24 27
24 28
24 29
24 30
