45
10 45
1 1
111110000000111111100000000000000000000000000
000010000000100000100000000000000000000000000
000010000000100000100000000000000000000000000
000011111111100000100000000000001111100000000
000000000000000000100000000000001000100000000
000001111111111111111111111111111011100000000
000001000001000000000000000000000010000000000
000001000001000000000000000000000010000000000
000001000001000000000000000000000000000000000
000001000001000001111111111111111111111111111
000001000001000001000000000000000000000000000
000001000001000001000001111111111111111100000
000001000001000001000001000000000000000100000
000001000001000001000001000000111000000100000
000001000001000001000001000000101000000100000
000001111101000001000001000000101000000100000
100000000101000001000001111111101000000100000
100000000101000001000000000000001000000100000
100001111101000001000000000000001000000100000
100001000101000001111111111111111000000100000
100001000101000000000000000000000000000100000
111111000101111111111111111111000000000100000
000000000100000000000000000001000000000100000
000000000100000010000000000001000000000100000
000111111100000011111111111111000000000100000
000100000100000000000000000000000000000100000
000100000100000000000000000000111000000100000
000100000111111111111111111111101000000100000
000100000000000000000000000000001000000100000
000100000000000000000000000000001000000100000
000100000000000000000000000000001000000100000
000100000000000000000000000000001000000100000
000100000000000000000000011111111000000100000
000111111111111111100000010000000000000100000
000000000000000000100000010000000000000100000
111111111111111111100000010000000000000100000
000000000000000000000000011111111111111100000
000000000000000000000000000000000000000000000
000000000000000000000000000000000000000000000
000000000000000000000000000000000000000000000
000000000000000000000000000000000000000000000
000000000000000000000000000000000000000000000
000000000000000000000000000000000000000000000
000000000000000000000000000000000000000000000
000000000000000000000000000000000000000000000

