84 94
773 -385
414 -462
858 -978
866 934
931 793
413 -916
810 -33
-967 912
473 170
-927 262
-125 -395
-356 834
818 -769
-931 -1000
598 -200
781 -364
365 921
160 -19
97 373
-37 -931
732 -568
-316 -462
386 443
482 973
765 -834
-993 612
411 -223
46 -990
4 -778
-270 -779
141 716
730 886
274 27
7 -689
-920 -591
-274 -372
-458 684
277 -697
403 -679
-576 -599
-313 -39
506 -413
880 513
-227 -395
651 -126
-952 995
-961 -818
4 -651
-556 667
-135 -677
41 342
-881 574
691 -363
-323 -352
295 -855
363 528
57 -740
269 319
-103 467
-143 320
-433 -743
-814 693
-985 140
196 -441
463 -878
-180 -572
-75 317
-426 -695
958 781
-93 429
712 -848
229 386
542 96
-659 660
-606 357
158 131
155 943
-738 -921
444 -31
505 277
-711 534
-705 -237
-650 994
949 -371
