65
748 -370
414 -462
858 -978
866 934
944 787
438 -897
810 -33
-959 953
473 170
-927 262
-125 -395
-356 834
765 -817
-931 -1000
624 -163
365 921
160 -19
69 357
-37 -931
732 -568
-316 -462
374 485
482 973
-993 612
411 -223
46 -990
18 -714
-270 -779
141 716
730 886
274 27
-920 -591
-274 -373
-458 684
277 -697
403 -679
-576 -599
-313 -39
506 -413
880 513
-961 -818
-556 667
-135 -677
-881 574
295 -855
249 352
-98 448
-109 318
-429 -719
-814 693
-985 140
196 -441
-180 -572
542 96
-659 660
-606 357
158 131
155 943
-738 -921
444 -31
505 277
-711 534
-705 -237
-650 994
949 -371
