80 56
858 885
614 146
-496 159
746 869
325 85
-223 -504
-943 404
-467 373
893 43
579 -695
86 718
-886 -225
192 -401
697 896
-286 764
-171 -858
-794 99
28 -577
-567 944
565 28
953 -10
809 -59
-209 -927
453 -478
834 -125
709 529
451 47
-487 128
995 652
-792 645
-55 908
-985 -4
421 -966
352 -957
-92 -718
-774 -848
-289 660
-533 572
-719 -414
539 368
-943 19
-531 305
452 261
812 968
194 755
583 322
319 -54
-931 -992
580 -224
-117 374
102 240
-716 -346
38 522
-665 576
-609 -216
-770 -503
863 -89
-224 -761
-885 -786
645 786
681 914
669 -76
-751 63
-436 -398
141 802
4 -270
661 -295
513 -340
-786 -153
-839 193
904 -454
714 222
621 -29
-313 137
-517 373
627 -986
117 -396
997 -514
-865 153
168 224
