66
-678 -403
-357 60
986 -584
-168 227
-30 -343
761 -304
13 -538
406 942
519 587
76 -796
-271 638
46 236
-694 -43
-357 487
2 566
-876 -467
603 -895
-325 738
-926 -632
394 486
103 378
348 210
106 -61
729 606
287 681
-459 -329
128 -592
641 370
790 -388
155 737
-169 -961
557 -660
-940 137
-467 -870
540 66
-911 -269
262 -662
315 387
-394 -925
652 666
-920 614
-673 -954
775 436
-409 125
228 -811
444 576
518 244
455 -826
-765 -727
935 -28
172 990
-23 -446
812 579
-610 -631
-976 -399
770 313
-224 587
-504 962
340 -126
399 -59
-823 221
372 -444
353 558
-302 -188
-474 452
-923 451
