71 34
-827 -713
-435 737
-579 -619
639 832
136 569
242 -896
16 29
-862 -305
-845 585
212 -164
212 602
-316 -790
598 -8
333 372
409 -921
-417 304
935 -902
-806 237
921 156
147 890
-249 -754
77 580
-796 -548
127 733
820 567
644 -825
-480 -74
-574 268
-411 -197
312 790
-446 -122
-875 320
328 474
505 618
-104 -824
-743 -174
-342 -339
929 995
428 658
-854 -529
-255 -802
-997 150
-569 349
-390 -279
-568 -901
794 -23
389 770
-600 107
8 371
-299 572
295 818
-929 988
-639 199
539 817
-552 246
-368 836
435 437
-444 -929
654 947
318 980
-20 117
754 867
845 312
77 -706
630 -596
573 -117
-37 704
319 727
794 44
40 -781
92 417
