57 39
-708 -469
-131 289
-4 -279
657 -178
453 -749
459 154
-62 360
486 618
594 -193
382 662
309 -159
360 653
41 732
512 543
-432 959
10 983
-366 448
680 -808
-962 937
541 -316
219 593
377 -797
-92 -870
-107 -93
185 -856
475 319
275 -641
-858 -502
825 -370
786 -634
-276 935
459 554
-307 950
-930 266
-525 802
-859 310
-240 879
-956 147
-659 -972
988 936
850 87
332 -910
-409 412
-207 526
-977 -980
-325 -145
137 -725
-801 906
-966 143
181 -623
-288 -209
-89 97
805 -881
648 -204
80 655
19 -495
396 -975
