73
-538 43
396 -784
513 -891
-562 -472
-422 -702
-386 -799
187 -76
670 -216
-289 -672
301 889
864 744
232 105
13 914
-529 175
26 551
-165 347
-351 -485
-735 -626
917 -483
-744 -496
-7 -759
-104 -919
-862 -224
701 162
633 -880
-849 915
722 -35
843 -31
-146 -930
531 215
-958 751
-466 -766
986 -484
762 -246
-632 490
578 936
-273 62
-389 -823
-519 -318
-974 573
-609 -960
325 628
-788 -643
71 33
-625 -874
65 -243
-147 -723
903 -72
-394 -622
-716 859
385 -88
488 -723
-951 -755
-120 -445
93 -59
815 -902
-210 -756
686 227
724 -154
-569 -47
-378 -53
-607 739
641 451
999 -643
-928 930
871 65
200 261
68 -379
276 546
582 897
476 680
-320 448
-97 -271
