30
24 1
24 30
000000000000000000000000000000
100000000000000000000000000000
100011110000000000000000000000
100010010000000000111110000000
111110011111111111100010000000
000000000000000000100010000000
000000000000000000100010000000
111111110000000000100010000000
010000010000000000100011111111
010000010000000000100000000000
010000010000000000100000000000
010000010000000000100000000000
010000011111111111111111110000
010000000000000000000000010000
111111111111100000000000010000
000000000000100000000000010000
000000000000111111110000010000
000000000000100000010000010000
000000000000100111110000010000
111111111111100100000000010000
000000000000100101111111110000
000000000000100101000000000000
000000000000100101000111111000
111111111000100101111100001111
000000001000100100000000000000
000000001000100111100000001111
000000001000100000000111111000
000000001000100000000100000000
000000001111111111111100000000
000000000000000000000000000000

